marchimportrate set filter to 1
beta set filter to 0
asymprate set filter to 1
mu set filter to 0
omega set filter to 0
rho0 set filter to 0
rho1 set filter to 0
rho2 set filter to 0
rho3 set filter to 0
thetaposcoef set filter to 0
etaposcoef set filter to 0
eta set filter to 0
daktela set filter to 0
ll= -39034.6
-38777.3
-39072
-35173.4
-35167.4
-35179.6
-35095.6
-24332.7
-24573.1
-24304.4
-24311.3
-24217
-26645.6
-27846.4
-38225.7
-24831.5
-26767.8
-24216.7
-21052.7
-20543.4
-24729.4
-20495.4
-3.26981e+06
-20830
-31613.6
-21181.1
-2.45236e+06
-20559
-6.08918e+06
-59729.8
-20481.2
-21896.7
-20466.9
-22157.3
-20452.6
-20710.3
-20464.3
-20693.1
-20479.8
-25587.9
-20457
-49944.7
-20501.6
-21656
-20433
-51520.8
-20972.4
-24638.9
-20427.1
-21018.7
-20429.9
-20678.3
-20447
-20542.2
-20452.5
-20430
-21016.1
-20425
-21005.4
-20423.4
-20641.4
-20426.4
-20464.8
-20421.8
-20446.7
-20420.9
-20457.3
-20423.9
-20596.7
-20426.7
-20977.7
-20566.5
-20420.1
-20584.4
-20420.4
-20433.8
-20420.9
-20427.2
-20422.3
-20437.7
-20421.6
-20593.6
-20453.7
-20420.7
-20464.4
-20423.8
-20419.5
-20418.8
-20418.4
-20419.7
-20418.3
-20427.4
-20417.7
-20428.9
-20418.2
-20418.9
-20417.6
-20419.6
-20417.8
-20419.1
-20417.2
-20417.2
-20418.5
-20417.2
-20418.1
-20417.2
-20417.3
-20417.2
-20418.2
-20417.3
-20417.4
-20417
-20418.2
-20416.9
-20417
-20416.9
-20417.4
-20416.9
-20417
-20416.8
-20416.8
-20417.1
-20417
-20416.8
-20416.9
-20417
-20415.9
-20415.4
-20414.7
-20414.1
-20413.4
-20413
-20412.9
-20412.9
-20412.6
-20412.3
-20411.6
-20410.9
-20410.2
-20409.8
-20409.6
-20408.9
-20408.1
-20407.5
-20406.8
-20406.5
-20405.9
-20405.6
-20405.7
-20405.6
-20404.8
-20404
-20403.2
-20402.5
-20401.8
-20401.2
-20400.5
-20399.8
-20399
-20398.6
-20398.3
-20397.7
-20397.5
-20397.5
-20396.7
-20396
-20395.5
-20395
-20394.2
-20393.7
-20393.5
-20393
-20392.5
-20392.3
-20392.2
-20392.1
-20392.2
-20391.9
-20392.6
-20392.3
-20390.9
-20390.9
-20390.8
-20390.6
-20390.5
-20390.3
-20390.1
-20390.2
-20389.7
-20389.4
-20388.8
-20388
-20387.5
-20387.1
-20386.3
-20385.6
-20384.9
-20384.3
-20384
-20383.6
-20383.4
-20383.4
-20382.9
-20382.8
-20382.7
-20381.9
-20381.6
-20381.6
-20381.9
-20380.9
-20380.5
-20380.5
-20380.5
-20380.4
-20380.2
-20380.2
-20379.8
-20380.1
-20379.7
-20379.1
-20378.7
-20378.7
-20378.6
-20378.5
-20378.5
-20378.5
-20378.4
-20378.6
-20378.5
-20377.6
-20377.4
-20377.8
-20377.6
-20378.3
-20377.3
-20376.9
-20376.8
-20376.4
-20376.5
-20376.3
-20376.3
-20377.3
-20376.1
-20375.7
-20375.3
-20375.3
-20375.6
-20375.3
-20375.6
-20375.4
-20374.6
-20374.6
-20374.7
-20374.7
-20374.6
-20374.7
-20374.6
-20374.4
-20374.1
-20374
-20373.4
-20373.4
-20373.6
-20372.8
-20373.1
-20372.9
-20372.5
-20372.5
-20372.1
-20372
-20372
-20371.8
-20371.9
-20371.8
-20371.6
-20371
-20370.4
-20370.2
-20370.2
-20370.1
-20370.5
-20370.1
-20370
-20369.8
-20370
-20369
-20368.8
-20368.8
-20369.2
-20368.7
-20368.3
-20368.4
-20368.2
-20368.4
-20368.2
-20368.1
-20368.1
-20368.3
-20368.1
-20367.8
-20367.6
-20367.7
-20367.6
-20367.5
-20367.4
-20367.7
-20366.6
-20366.2
-20366.2
-20366.2
-20366.1
-20366
-20366.7
-20365.9
-20365.5
-20365
-20365.3
-20365
-20365.3
-20365
-20365.5
-20364.9
-20364.4
-20364.3
-20364.3
-20364.3
-20364.3
-20364.3
-20364.1
-20363.9
-20363.3
-20363.2
-20363.2
-20363.1
-20363
-20362.8
-20362.8
-20364.6
-20362.7
-20362.2
-20362
-20361.4
-20361.9
-20361.3
-20360.8
-20360.7
-20360.8
-20360.6
-20360.5
-20360.6
-20360.5
-20360.3
-20360.3
-20360.6
-20360.1
-20359.7
-20360.1
-20359.6
-20359.8
-20359.6
-20359.6
-20359.5
-20359.6
-20359.6
-20358.8
-20358.4
-20358.3
-20358.1
-20357.2
-20356.7
-20356.3
-20356.2
-20356.2
-20356.1
-20356.1
-20356
-20356
-20355.7
-20354.7
-20354.1
-20353.5
-20353
-20352.7
-20352.6
-20352.6
-20353.5
-20352.5
-20352
-20351.9
-20351.9
-20351.8
-20351.8
-20351.8
-20352
-20351.3
-20351.4
-20351.4
-20351.5
-20351.3
-20350.5
-20350.6
-20350.4
-20350.2
-20350.1
-20350
-20349.6
-20349.8
-20349.6
-20349.2
-20349.3
-20349.2
-20349.5
-20348.6
-20348.4
-20348.4
-20348.4
-20348.4
-20348.2
-20348.4
-20348.2
-20348.7
-20348.3
-20348.3
-20348
-20347.8
-20347.4
-20347.7
-20347.5
-20347.1
-20347.1
-20347.2
-20346.3
-20346.2
-20346.1
-20346.1
-20346
-20346.3
-20346.1
-20345.7
-20345.8
-20345.7
-20345.7
-20345.7
-20346.2
-20345.8
-20345.7
-20345.5
-20345.1
-20345.1
-20345.1
-20344.9
-20345.5
-20344.8
-20345.5
-20344.9
-20344.4
-20344.4
-20344.3
-20344.1
-20343.9
-20343.6
-20343.2
-20342.8
-20342.2
-20341.9
-20341.9
-20341.3
-20340.8
-20340.4
-20340.2
-20340.2
-20339.9
-20341.3
-20340.1
-20339.6
-20339.6
-20339.6
-20339
-20338.7
-20338.7
-20338.7
-20338.6
-20338.5
-20338.6
-20338.2
-20338
-20337.4
-20336.7
-20336.1
-20335.4
-20334.8
-20334.2
-20333.5
-20333
-20332.4
-20331.8
-20331.7
-20331.6
-20331.5
-20331.5
-20331.4
-20331.4
-20330.8
-20330.4
-20329.9
-20330
-20329.9
-20329.5
-20328.8
-20328.2
-20327.8
-20327.6
-20327.3
-20327.2
-20327.2
-20327
-20327
-20326.6
-20326.2
-20325.7
-20325.2
-20325.3
-20325.2
-20325.1
-20324.9
-20324.8
-20324.9
-20324.6
-20324.6
-20324.6
-20324.6
-20324.8
-20324.8
-20324.2
-20324.3
-20324.2
-20324.3
-20324.2
-20324.3
-20324.2
-20324.2
-20324.3
-20323.4
-20323.3
-20323.3
-20323.4
-20323.2
-20323
-20322.9
-20322.9
-20322.8
-20322.8
-20322.9
-20322.7
-20322.8
-20322.7
-20322.7
-20322.1
-20322.1
-20322.2
-20322.2
-20322
-20322
-20322
-20321.5
-20321.4
-20321.4
-20321.3
-20321.3
-20321.8
-20321.4
-20321
-20321.2
-20321
-20321.2
-20321
-20321.9
-20321
-20320.3
-20320
-20319.7
-20319.3
-20319.7
-20319.4
-20319.3
-20319.3
-20320.6
-20319.2
-20318.9
-20318.9
-20318.5
-20319.3
-20318.6
-20317.9
-20317.4
-20317.5
-20317.5
-20317.5
-20317.4
-20317.5
-20317.4
-20316.8
-20316.1
-20315.6
-20315.6
-20315.5
-20315.3
-20314.9
-20314.7
-20314.8
-20314.7
-20314.7
-20314.1
-20313.3
-20312.8
-20312
-20311.4
-20310.7
-20310.1
-20309.3
-20308.7
-20308
-20307.3
-20306.6
-20306
-20305.3
-20304.6
-20304
-20303.3
-20302.9
-20302.4
-20301.9
-20301.8
-20301.8
-20301.7
-20301.7
-20301.4
-20301.3
-20301.3
-20301.2
-20301.2
-20300.6
-20300.3
-20300
-20299.5
-20299.1
-20299
-20299
-20298.9
-20298.9
-20298.8
-20298.9
-20298.7
-20298.5
-20297.9
-20297.6
-20297.3
-20297.2
-20297.3
-20297.1
-20297.1
-20296.9
-20296.8
-20296.7
-20296.3
-20295.7
-20295.2
-20294.8
-20294.6
-20295.8
-20294.6
-20294.4
-20294.4
-20294.3
-20294.3
-20294.3
-20294.2
-20295
-20294.4
-20294.8
-20294.2
-20293.7
-20293.2
-20293.3
-20293.2
-20292.9
-20293.2
-20292.9
-20292.8
-20292.7
-20292.3
-20292.7
-20292.3
-20292.4
-20292.5
-20292.3
-20292.3
-20292.4
-20292.3
-20292.5
-20292.3
-20292.3
-20292.2
-20291.9
-20292.4
-20291.9
-20291.9
-20291.9
-20291.7
-20292
-20291.6
-20291.3
-20291.1
-20291.2
-20291
-20290.9
-20291
-20292
-20291
-20290.3
-20290.4
-20290.3
-20290.4
-20290.3
-20290.4
-20290.3
-20290.5
-20290.2
-20289.8
-20289.4
-20289.2
-20289.1
-20289.1
-20288.8
-20288.6
-20288.2
-20288.1
-20288.1
-20288.1
-20288.1
-20288.4
-20287.9
-20287.7
-20287.8
-20287.4
-20287.4
-20287.4
-20287.2
-20287.6
-20287.1
-20286.9
-20286.7
-20286.7
-20286.7
-20286.6
-20286.9
-20287
-20286
-20285.9
-20285.8
-20286.3
-20285.6
-20285.7
-20285.6
-20285.7
-20285.6
-20285.2
-20284.9
-20285
-20285
-20284.8
-20285.6
-20284.8
-20285.2
-20284.8
-20284
-20284.1
-20284
-20284
-20284.1
-20284.3
-20283.9
-20283.7
-20283.7
-20283.7
-20283.6
-20283.8
-20283.7
-20283.5
-20283.2
-20283.9
-20283.2
-20283.1
-20283.1
-20283.4
-20283.1
-20282.9
-20282.9
-20282.7
-20282.6
-20282.2
-20281.7
-20281.3
-20280.9
-20280.7
-20280
-20279.9
-20279.9
-20279.8
-20279.9
-20279.8
-20279.8
-20279.9
-20279.8
-20279.4
-20279.8
-20279.2
-20279.3
-20279.1
-20279
-20279
-20279.1
-20279
-20279
-20279
-20279
-20279
-20278.7
-20278.9
-20278.6
-20278.7
-20278.8
-20278.3
-20278.5
-20278.3
-20278.1
-20277.9
-20278
-20278
-20277.7
-20277.8
-20277.4
-20277.4
-20277.4
-20277.3
-20277.2
-20277.2
-20277.3
-20277.2
-20277.2
-20277.3
-20277.3
-20277.3
-20277.5
-20276.3
-20276.3
-20276.4
-20276.1
-20276.1
-20275.9
-20276.1
-20276
-20275.8
-20275.8
-20275.9
-20275.8
-20275.1
-20274.8
-20275.1
-20274.8
-20274.4
-20275.1
-20274.4
-20274
-20274
-20274
-20274
-20274
-20274.4
-20273.9
-20273.8
-20273.8
-20273.7
-20273.9
-20273.7
-20274.5
-20273.5
-20273
-20273.5
-20273
-20273
-20273
-20273.1
-20273
-20272.7
-20272.7
-20272.6
-20272.1
-20272.4
-20272
-20271.6
-20271.2
-20271.1
-20271.1
-20271
-20271
-20271
-20271
-20271.3
-20271
-20270.5
-20270.5
-20270.7
-20269.8
-20270.1
-20269.7
-20269.3
-20269.3
-20269.2
-20269.2
-20269.2
-20269.2
-20269.1
-20269.2
-20269.1
-20268.8
-20268.6
-20267.9
-20267.4
-20267
-20266.3
-20265.8
-20265.2
-20264.7
-20264.1
-20263.6
-20263.1
-20262.6
-20262.4
-20262.5
-20262.4
-20262.4
-20262.3
-20262.4
-20262.3
-20262.1
-20261.9
-20261.9
-20261.8
-20262.2
-20262
-20261.6
-20261.7
-20261.1
-20260.9
-20260.8
-20260.8
-20261.2
-20260.9
-20260.6
-20260.3
-20260.2
-20259.9
-20259.8
-20259.8
-20259.9
-20259.9
-20259.6
-20260.3
-20259.6
-20259.4
-20259.4
-20259.7
-20259.5
-20258.8
-20258.4
-20258.2
-20258
-20258
-20258.1
-20258
-20258.5
-20257.9
-20257.8
-20257.9
-20257.8
-20257.8
-20258.1
-20257.8
-20258.5
-20257.7
-20257.2
-20257.3
-20257.2
-20257
-20257
-20256.9
-20256.8
-20256.8
-20256.7
-20256.9
-20256.7
-20256.2
-20256.2
-20256.2
-20256
-20257.1
-20256.1
-20255.3
-20255.3
-20255.3
-20255.3
-20255.3
-20255.3
-20255.3
-20255.3
-20255.2
-20255.6
-20255.4
-20255.2
-20255.3
-20254.8
-20254.5
-20254.5
-20254.5
-20255
-20254.4
-20254
-20254
-20254.2
-20254
-20253.8
-20253.7
-20253.9
-20253.7
-20253.8
-20253.6
-20253.3
-20253.3
-20253.3
-20253.6
-20253.3
-20252.8
-20252.7
-20252.7
-20252.6
-20252.6
-20252.3
-20253.1
-20252.4
-20252.2
-20252.2
-20252.4
-20252.2
-20252.9
-20252.1
-20252.4
-20252.1
-20251.5
-20251
-20251.2
-20251.1
-20250.8
-20250.7
-20250.7
-20250.8
-20250.8
-20251.3
-20250.7
-20250.5
-20250.5
-20250.8
-20250.6
-20250.3
-20250.2
-20250.3
-20250.2
-20250.2
-20250.6
-20250.2
-20249.8
-20250.2
-20249.8
-20249.3
-20249.3
-20249.3
-20249.1
-20249.2
-20249.7
-20249.1
-20248.9
-20248.9
-20248.5
-20249.6
-20248.5
-20248.2
-20248.3
-20248.2
-20248
-20248
-20248
-20247.9
-20247.9
-20247.9
-20247.9
-20247.8
-20247.8
-20247.7
-20248.2
-20247
-20247.6
-20247.1
-20246.8
-20246.8
-20246.8
-20246.8
-20247
-20246.8
-20246.4
-20246.6
-20246.3
-20246.5
-20246.3
-20246
-20246
-20246
-20246.3
-20245.9
-20246
-20245.9
-20245.9
-20245.9
-20246
-20245.7
-20245.4
-20245.6
-20245.6
-20245.5
-20245.4
-20245
-20244.9
-20244.9
-20245
-20244.9
-20244.9
-20244.9
-20245.8
-20244.8
-20244.6
-20244.6
-20244.5
-20244.9
-20244.3
-20244.2
-20243.8
-20243.3
-20243.2
-20243.3
-20243.2
-20243.2
-20243
-20242.7
-20242.2
-20241.7
-20241.2
-20241.4
-20241.2
-20240.8
-20240.6
-20240.4
-20240.4
-20240.4
-20240.4
-20240.4
-20240.4
-20240.3
-20240.4
-20239.8
-20239.3
-20238.7
-20238.2
-20237.7
-20237.2
-20236.8
-20236.4
-20235.9
-20235.4
-20234.9
-20234.8
-20234.8
-20234.2
-20233.9
-20233.7
-20233.9
-20233.6
-20233.9
-20233.6
-20233.5
-20233.4
-20233.3
-20232.7
-20232.3
-20232
-20231.9
-20231.8
-20232.2
-20231.8
-20231.9
-20231.8
-20231.5
-20231.5
-20231.5
-20230.9
-20230.6
-20230.5
-20230
-20229.8
-20229.8
-20229.8
-20229.8
-20229.5
-20229
-20229
-20229.1
-20229
-20228.8
-20228.7
-20228.4
-20228.7
-20228.4
-20228
-20227.9
-20227.8
-20227.9
-20227.6
-20227.3
-20226.9
-20226.7
-20227
-20226.7
-20226.5
-20226.4
-20226.5
-20226.1
-20225.8
-20225.5
-20225.3
-20225.1
-20225.3
-20224.5
-20224.7
-20224.5
-20224.5
-20224.5
-20224.3
-20224.3
-20224.2
-20224.2
-20224.4
-20224.2
-20223.8
-20223.6
-20222.9
-20222.6
-20222.5
-20222.5
-20222.2
-20221.7
-20221.3
-20221.1
-20220.7
-20220.3
-20220
-20219.7
-20219.3
-20219
-20219.1
-20219
-20218.7
-20218.5
-20218
-20217.8
-20217.6
-20217.6
-20218.2
-20217.6
-20217.4
-20217.2
-20217.3
-20217.3
-20217.2
-20217.3
-20217.1
-20217.5
-20217
-20216.5
-20216.2
-20215.8
-20215.9
-20215.9
-20215.3
-20214.9
-20214.5
-20214.1
-20213.9
-20213.5
-20213.4
-20213.4
-20213.1
-20212.5
-20212.1
-20211.8
-20211.4
-20211.6
-20211.4
-20210.8
-20211.2
-20210.8
-20210.8
-20210.8
-20210.8
-20210.7
-20210.8
-20210.7
-20210.7
-20210.6
-20210.6
-20211
-20210
-20210
-20209.8
-20209.5
-20209.5
-20209.4
-20209
-20208.6
-20208.1
-20207.7
-20207.4
-20207.1
-20207.1
-20207
-20207.4
-20207.1
-20207.1
-20207.1
-20206.7
-20206.7
-20206.9
-20206.5
-20206.2
-20206.3
-20206.1
-20206.3
-20206.1
-20205.4
-20205.4
-20205.4
-20205.3
-20205.3
-20205.4
-20205.3
-20205.4
-20205.2
-20204.9
-20204.9
-20204.9
-20204.8
-20205.2
-20204.8
-20204.1
-20204.3
-20204.1
-20204.2
-20204.1
-20204.2
-20204.1
-20204.1
-20204.1
-20203.9
-20204
-20203.9
-20203.6
-20203.7
-20203.6
-20203.5
-20203.7
-20203.5
-20203.2
-20203.1
-20203.1
-20203.1
-20202.9
-20202.9
-20202.9
-20203.1
-20202.8
-20202.6
-20202.5
-20202.6
-20202.4
-20202.3
-20202.2
-20202.2
-20202.4
-20202.2
-20202
-20201.9
-20201.9
-20202
-20201.9
-20202
-20201.9
-20202
-20201.9
-20201.6
-20201.6
-20201.6
-20201.7
-20201.6
-20201.4
-20201.3
-20201.3
-20201.3
-20201.3
-20201.3
-20201.3
-20201.4
-20201.2
-20200.9
-20201
-20200.9
-20200.9
-20200.9
-20200.9
-20200.8
-20200.5
-20200.4
-20200.2
-20200
-20199.8
-20199.7
-20199.7
-20199.7
-20199.5
-20199.2
-20199
-20198.7
-20198.5
-20198.2
-20198
-20197.7
-20197.4
-20197.1
-20196.9
-20196.6
-20196.3
-20196.1
-20195.8
-20195.5
-20195.3
-20195
-20194.7
-20194.5
-20194.2
-20193.9
-20193.7
-20193.4
-20193.1
-20192.9
-20192.6
-20192.4
-20192.2
-20191.9
-20191.6
-20191.4
-20191.2
-20190.9
-20190.8
-20190.7
-20190.7
-20190.5
-20190.3
-20190
-20189.8
-20189.5
-20189.3
-20189
-20188.8
-20188.5
-20188.4
-20188.2
-20188.1
-20188
-20188
-20187.7
-20187.5
-20187.3
-20187.1
-20187
-20186.7
-20186.4
-20186.3
-20186
-20185.8
-20185.6
-20185.3
-20185
-20184.8
-20184.5
-20184.3
-20184
-20183.8
-20183.6
-20183.3
-20183.1
-20182.9
-20182.6
-20182.4
-20182.1
-20181.9
-20181.6
-20181.6
{"marchimportrate",9.99623,true},// (0.868187)
{"beta",0.827249,false},// (0.0432356)
{"asymprate",0.2,true},// (0.0324495)
{"mu",0.00194616,false},// (0.000340152)
{"omega",0.694452,false},// (0.0887365)
{"rho0",0.0270459,false},// (0.0358393)
{"rho1",0.00762089,false},// (0.0104725)
{"rho2",0.0148485,false},// (0.00647285)
{"rho3",0.0331563,false},// (0.00296711)
{"thetaposcoef",0.00106816,false},// (0.144827)
{"etaposcoef",0.224961,false},// (0.0713672)
{"eta",0.861655,false},// (0.0198277)
{"daktela",0.000836409,false},// (0.000568924)

var of params
0.753749,0.0124762,0.0107009,-2.89278e-05,0.0298108,-0.00369113,0.00149718,-0.000984418,-7.9069e-05,0.0288361,0.00948565,0.00261206,-7.08732e-05
0.0124762,0.00186931,0.000512997,-3.90353e-06,0.00373457,-4.95188e-05,-5.95829e-05,-3.43725e-05,4.01432e-05,0.00396215,0.00084052,0.000253476,-9.81133e-06
0.0107009,0.000512997,0.00105297,-2.0668e-06,0.0016345,7.29632e-06,-2.98175e-05,-3.29736e-05,-2.9355e-05,0.00155263,0.000560018,0.000140526,-3.83441e-06
-2.89278e-05,-3.90353e-06,-2.0668e-06,1.15703e-07,-8.16321e-06,1.78679e-07,3.46264e-08,-9.51047e-08,-3.83757e-07,-2.20266e-05,-1.21589e-06,-4.61828e-07,8.8739e-08
0.0298108,0.00373457,0.0016345,-8.16321e-06,0.00787417,-8.45094e-05,-0.000128143,-8.48004e-05,5.26291e-05,0.00816567,0.00186395,0.000543692,-2.04232e-05
-0.00369113,-4.95188e-05,7.29632e-06,1.78679e-07,-8.45094e-05,0.00128446,-0.000138398,2.51952e-05,-2.50568e-06,-0.00011403,-2.92443e-05,-9.1067e-06,3.38268e-07
0.00149718,-5.95829e-05,-2.98175e-05,3.46264e-08,-0.000128143,-0.000138398,0.000109672,-1.29963e-05,-4.76242e-08,-0.000100427,-7.32369e-05,-2.09708e-05,2.26908e-07
-0.000984418,-3.43725e-05,-3.29736e-05,-9.51047e-08,-8.48004e-05,2.51952e-05,-1.29963e-05,4.18978e-05,1.0546e-06,-4.61101e-05,-7.07943e-05,-1.96418e-05,9.34448e-08
-7.9069e-05,4.01432e-05,-2.9355e-05,-3.83757e-07,5.26291e-05,-2.50568e-06,-4.76242e-08,1.0546e-06,8.80376e-06,0.000318751,-2.0297e-06,-9.73139e-07,-1.39932e-06
0.0288361,0.00396215,0.00155263,-2.20266e-05,0.00816567,-0.00011403,-0.000100427,-4.61101e-05,0.000318751,0.0209749,0.00110948,0.000277646,-6.66445e-05
0.00948565,0.00084052,0.000560018,-1.21589e-06,0.00186395,-2.92443e-05,-7.32369e-05,-7.07943e-05,-2.0297e-06,0.00110948,0.00509327,0.00139049,-5.60937e-06
0.00261206,0.000253476,0.000140526,-4.61828e-07,0.000543692,-9.1067e-06,-2.09708e-05,-1.96418e-05,-9.73139e-07,0.000277646,0.00139049,0.000393138,-1.23989e-06
-7.08732e-05,-9.81133e-06,-3.83441e-06,8.8739e-08,-2.04232e-05,3.38268e-07,2.26908e-07,9.34448e-08,-1.39932e-06,-6.66445e-05,-5.60937e-06,-1.23989e-06,3.23675e-07

9.99623,0.827249,0.2,0.00194616,0.694452,0.0270459,0.00762089,0.0148485,0.0331563,0.00106816,0.224961,0.861655,0.000836409,
time: 3635 seconds.
