marchimportrate set filter to 1
beta set filter to 0
asymprate set filter to 1
mu set filter to 0
omega set filter to 0
rho0 set filter to 0
rho1 set filter to 0
rho2 set filter to 0
rho3 set filter to 0
thetaposcoef set filter to 0
etaposcoef set filter to 0
eta set filter to 0
daktela set filter to 0
ll= -22636.7
-35289.2
-22787.5
-63664.2
-22634.5
-22719.5
-22655.4
-27550.6
-23304.5
-22470.7
-22649.3
-21716.6
-22390.7
-27831.9
-21930.7
-165182
-21716.8
-22554.2
-21709
-222806
-21721.1
-21140.3
-21092
-96014.5
-21101.5
-28582.4
-21101.4
-22037.3
-21021.2
-21392.3
-21010.6
-22505.6
-21093.5
-22246.9
-21005.6
-20962.9
-20918.3
-79308.7
-20920.2
-27906.3
-20950
-79164.7
-20974.6
-81606.8
-20899.1
-88215
-21188
-88140.7
-27761.2
-20893.6
-23393.4
-20954.6
-21007.1
-20900.8
-21137.2
-20903.2
-21126.1
-20899.1
-28756.1
-20949.1
-28771.1
-20873.9
-30088.2
-20873.7
-29792.6
-20899
-22995.8
-20878.7
-30526.2
-22656.8
-20895.6
-21259.8
-20871.6
-21469.9
-20871.7
-20911.5
-20879.4
-20923.3
-20877.4
-20787.4
-20755.5
-21505
-20815.6
-20758.2
-20956.7
-20753.3
-20859.3
-20751.4
-20747
-20743.3
-20801.2
-20734.2
-20720.9
-20712.8
-20770.2
-20726.6
-20800.7
-20705.3
-20685.2
-20666.9
-20662.4
-20661.7
-20674.9
-20661.4
-20726.1
-20659.8
-20665.2
-20661.2
-20657.1
-20657.3
-20663.8
-20657.3
-20680.9
-20657.1
-20694.7
-20665
-20653.9
-20653.8
-20648.2
-20650.5
-20656.6
-20645.7
-20663.8
-20643.3
-20656.6
-20645.2
-20639.9
-20640.7
-20659.8
-20639.7
-20639.3
-20639.5
-20640.4
-20643.1
-20646.5
-20638.9
-20674
-20639.1
-20656.3
-20637.8
-20654.6
-20639
-20646.9
-20637.5
-20644.5
-20636.5
-20673.5
-20646.7
-20637.7
-20636.4
-20636.5
-20638.4
-20648.8
-20636.2
-20636.4
-20638.4
-20636.1
-20635.9
-20636
-20635.9
-20635.9
-20636.5
-20635.7
-20638.1
-20635.6
-20634.2
-20637.1
-20634.1
-20633.1
-20633.1
-20634.2
-20633.1
-20633.9
-20633.4
-20632.8
-20632.6
-20631.6
-20631.4
-20627.5
-20625.6
-20626.3
-20625.7
-20625.2
-20625.5
-20625.3
-20625.3
-20625.3
-20625.2
-20626
-20626
-20623
-20630.6
-20623.1
-20620.8
-20619.5
-20618.4
-20617.6
-20617.8
-20617.2
-20616.9
-20615.8
-20616
-20614.2
-20614.7
-20614.3
-20613.3
-20613.2
-20611.9
-20611.7
-20611.6
-20611.3
-20611.4
-20611.1
-20611.1
-20614.3
-20610.2
-20607.2
-20609.7
-20607
-20606.8
-20606.5
-20606.6
-20606.3
-20606.3
-20606.1
-20606.6
-20605.9
-20607.6
-20606
-20609.9
-20605.6
-20603.8
-20605.3
-20604.2
-20602.8
-20602.3
-20602.2
-20602.5
-20600.8
-20601.6
-20600.8
-20600.4
-20600.6
-20601.5
-20600
-20598.7
-20598.4
-20598.4
-20598.9
-20598.5
-20598.4
-20598.9
-20597.3
-20595.4
-20595
-20595.1
-20594.8
-20594.3
-20593.2
-20592.9
-20592.9
-20592.6
-20592.2
-20595.6
-20593.4
-20590.6
-20591.2
-20590.5
-20590.7
-20590.9
-20592.1
-20590.6
-20590.3
-20589.9
-20590.5
-20589.8
-20590.4
-20589
-20589.7
-20588.7
-20588.8
-20588.9
-20587.9
-20588.1
-20588.1
-20588.1
-20587.1
-20586.9
-20586.9
-20587.9
-20586.9
-20586.1
-20584.1
-20589.3
-20583.9
-20583.5
-20583.4
-20582.8
-20582.7
-20582.6
-20583.1
-20583.3
-20582.6
-20584.9
-20583.1
-20583
-20582.6
-20583.8
-20582.7
-20583.1
-20582.7
-20583.3
-20582.6
-20583.2
-20582.6
-20582.8
-20582.7
-20582.6
-20582.7
-20582.5
-20582.8
-20582.7
-20581.9
-20581.8
-20581.8
-20581.9
-20581.8
-20581.5
-20581.7
-20581.4
-20581.7
-20581.5
-20581.2
-20581.4
-20581.2
-20580.7
-20580.3
-20579.9
-20579.7
-20579.9
-20579.7
-20579.3
-20579.3
-20579.2
-20579.1
-20579
-20578.9
-20578.6
-20578.5
-20578.7
-20578.7
-20578
-20577.9
-20577.9
-20577.6
-20577.6
-20577.6
-20577.5
-20577.4
-20577.3
-20576.8
-20576.4
-20576
-20575.7
-20575.6
-20575.5
-20575.5
-20575.4
-20574.8
-20574.6
-20574.4
-20574.4
-20574.1
-20573.8
-20573.7
-20573.7
-20573.6
-20573.5
-20573.1
-20572.9
-20572.5
-20572.1
-20571.8
-20571.7
-20571.6
-20571.6
-20571.5
-20571.6
-20571.6
-20571.5
-20571.1
-20571
-20571
-20570.9
-20571.1
-20570.9
-20571.2
-20570.9
-20570.4
-20570.4
-20570.4
-20570.1
-20570
-20569.7
-20569.4
-20569.4
-20569.4
-20569.5
-20569.4
-20569.6
-20569.4
-20568.9
-20568.6
-20568.5
-20568.5
-20568.3
-20568
-20567.6
-20567.5
-20567.5
-20567.3
-20567.4
-20567.2
-20567.2
-20566.9
-20566.7
-20566.2
-20566
-20566
-20565.6
-20565.3
-20565.3
-20565.3
-20565.2
-20565.2
-20565.2
-20565.3
-20565.3
-20565.2
-20564.7
-20564.3
-20564.2
-20564.4
-20564.2
-20563.8
-20563.7
-20563.7
-20563.6
-20563.6
-20563.6
-20563.6
-20563.4
-20563.5
-20563.3
-20562.9
-20562.7
-20562.5
-20562.1
-20561.9
-20561.7
-20561.7
-20561.7
-20561.6
-20561.6
-20561.3
-20561
-20560.7
-20560.4
-20560.1
-20560.1
-20560.1
-20559.9
-20559.6
-20559.6
-20559.6
-20559.4
-20559.2
-20558.9
-20559.1
-20558.9
-20558.5
-20558.3
-20558.2
-20558.1
-20558.1
-20558.1
-20557.7
-20557.3
-20557
-20556.8
-20556.7
-20556.7
-20556.5
-20556.2
-20555.8
-20555.6
-20555.3
-20554.9
-20554.6
-20554.2
-20553.8
-20553.3
-20552.9
-20552.5
-20552.1
-20551.7
-20551.3
-20550.8
-20550.4
-20550
-20549.6
-20549.2
-20548.7
-20548.3
-20547.9
-20547.5
-20547.1
-20546.7
-20546.4
-20546
-20545.6
-20545.2
-20544.8
-20544.4
-20544
-20543.6
-20543.2
-20542.8
-20542.4
-20542
-20541.7
-20541.4
-20541.4
-20541.5
-20541.2
-20541.1
-20541.1
-20540.6
-20540.3
-20540.2
-20540.3
-20540.2
-20540
-20539.9
-20539.9
-20539.7
-20539.5
-20539.3
-20539
-20538.8
-20538.7
-20538.7
-20538.4
-20538.2
-20538.2
-20538.2
-20538
-20537.7
-20537.2
-20536.9
-20536.6
-20536.4
-20536.2
-20536.2
-20536.2
-20536.3
-20536.2
-20536.2
-20536.2
-20536
-20535.6
-20535.3
-20535
-20534.7
-20534.3
-20534.1
-20534
-20534
-20533.9
-20533.9
-20533.8
-20533.9
-20533.5
-20533.2
-20533.1
-20532.6
-20532.3
-20532.1
-20531.9
-20531.8
-20532
-20531.8
-20531.8
-20532
-20531.5
-20531.2
-20531.1
-20531
-20530.9
-20530.8
-20530.6
-20530.6
-20530.6
-20531
-20530.5
-20530.5
-20530.5
-20530
-20529.8
-20529.9
-20529.9
-20530
-20529.8
-20529.5
-20529.4
-20529.4
-20529.4
-20529.4
-20529.2
-20529.2
-20528.9
-20528.6
-20528.6
-20528.6
-20528.1
-20527.8
-20527.8
-20527.8
-20527.7
-20527.7
-20527.7
-20527.6
-20527.8
-20527.7
-20527.6
-20527.7
-20527.2
-20526.9
-20526.6
-20526.5
-20526.5
-20526.4
-20526.4
-20526.4
-20526.3
-20526.3
-20526.2
-20526.1
-20525.7
-20525.6
-20525
-20524.8
-20524.9
-20524.8
-20524.8
-20524.8
-20524.7
-20524.7
-20524.8
-20524.7
-20524.5
-20524
-20523.7
-20523.6
-20523.7
-20523.5
-20523.3
-20523.3
-20523.2
-20523.2
-20523.1
-20523.2
-20523.1
-20523
-20522.9
-20522.4
-20522.2
-20521.9
-20521.8
-20521.5
-20521.4
-20521.4
-20521.4
-20521.4
-20521.3
-20521.3
-20521.3
-20521.2
-20520.9
-20520.8
-20521.3
-20520.8
-20520.4
-20520.2
-20520.2
-20520.1
-20520.1
-20520
-20520
-20519.9
-20520
-20519.6
-20519.3
-20519.2
-20519.6
-20519.2
-20518.7
-20518.4
-20518.3
-20518.3
-20518.3
-20518.3
-20518.7
-20518.3
-20518
-20517.9
-20517.9
-20517.9
-20517.8
-20517.5
-20517.1
-20517
-20517.2
-20517
-20516.9
-20516.8
-20516.5
-20516.5
-20516.5
-20516.5
-20516.5
-20516.3
-20516.3
-20516.1
-20515.8
-20515.6
-20515.5
-20515.5
-20515.3
-20515.3
-20515.3
-20515.2
-20515.2
-20515.4
-20515.2
-20514.9
-20514.8
-20515
-20514.8
-20514.9
-20514.9
-20514.7
-20514.7
-20514.2
-20514.2
-20514.2
-20514.1
-20514.2
-20513.8
-20513.5
-20513.5
-20513.4
-20513.6
-20513.4
-20513.5
-20513.4
-20513
-20512.7
-20512.7
-20512.7
-20512.8
-20512.7
-20512.2
-20512.1
-20511.9
-20511.6
-20511.5
-20511.5
-20511.4
-20511.5
-20511.6
-20511.4
-20511.6
-20511.4
-20510.9
-20510.8
-20511
-20510.8
-20510.6
-20510.3
-20510.1
-20510.1
-20510.2
-20510
-20510
-20509.9
-20510
-20509.5
-20509.2
-20508.9
-20508.5
-20508.1
-20507.7
-20507.5
-20507.2
-20506.8
-20506.4
-20506
-20505.6
-20505.2
-20504.8
-20504.5
-20504.1
-20503.7
-20503.3
-20502.9
-20502.6
-20502.2
-20501.8
-20501.4
-20501
-20500.7
-20500.3
-20499.9
-20499.5
-20499.1
-20498.7
-20498.3
-20497.9
-20497.5
-20497.1
-20496.8
-20496.4
-20496
-20495.6
-20495.2
-20494.8
-20494.4
-20494
-20493.7
-20493.3
-20492.9
-20492.5
-20492.2
-20491.8
-20491.4
-20491
-20490.6
-20490.2
-20489.8
-20489.5
-20489.1
-20488.7
-20488.3
-20487.9
-20487.6
-20487.2
-20486.8
-20486.4
-20486.1
-20485.8
-20485.4
-20485.1
-20484.7
-20484.3
-20483.9
-20483.6
-20483.2
-20482.9
-20482.6
-20482.3
-20482.1
-20481.8
-20481.5
-20481.1
-20480.8
-20480.6
-20480.5
-20480.5
-20480.3
-20480.1
-20479.7
-20479.4
-20479.1
-20478.9
-20478.6
-20478.4
-20478.1
-20477.8
-20477.5
-20477.3
-20477.2
-20476.9
-20476.7
-20476.5
-20476.3
-20476
-20475.7
-20475.4
-20475.2
-20475.1
-20474.8
-20474.5
-20474.4
-20474.4
-20474.4
-20474.3
-20474
-20473.8
-20473.6
-20473.3
-20473
-20473
-20473.1
-20472.7
-20472.4
-20472.4
-20472.4
-20472.3
-20472.3
-20472
-20471.9
-20471.9
-20471.7
-20471.5
-20471.2
-20471.3
-20471.2
-20470.8
-20470.6
-20470.5
-20470.5
-20470.4
-20470.1
-20470
-20470.1
-20469.8
-20469.6
-20469.4
-20469.2
-20469
-20469
-20468.8
-20468.5
-20468.4
-20468.4
-20468.2
-20468.2
-20468.2
-20468
-20467.9
-20468
-20468.4
-20468
-20467.6
-20467.3
-20467.2
-20467.2
-20467.4
-20467.2
-20466.9
-20466.9
-20466.9
-20466.9
-20466.9
-20466.9
-20466.8
-20467
-20466.8
-20466.5
-20466.5
-20466.5
-20466.5
-20466.5
-20466.2
-20466.2
-20466.1
-20466.1
-20466.1
-20466
-20466
-20466.1
-20466.1
-20465.8
-20465.7
-20465.6
-20465.5
-20465.6
-20465.5
-20465.2
-20465.2
-20465.2
-20465.2
-20465.3
-20465
-20465
-20464.8
-20464.6
-20465
-20464.6
-20464.3
-20464.3
-20464.1
-20464
-20464
-20464
-20464
-20464
-20464
-20463.5
-20463.3
-20463.2
-20463.2
-20463.1
-20463.1
-20462.9
-20462.7
-20462.9
-20462.8
-20462.3
-20462.2
-20462.1
-20462.1
-20462
-20462
-20462.1
-20462.2
-20462.1
-20461.5
-20461.4
-20461.4
-20461.2
-20461
-20461.2
-20461.2
-20460.9
-20460.7
-20460.7
-20460.7
-20460.7
-20460.3
-20460
-20459.6
-20459.4
-20459.2
-20459.2
-20459.3
-20459.3
-20459.1
-20459
-20459
-20458.9
-20458.9
-20458.9
-20458.9
-20459
-20459.1
-20458.4
-20458.2
-20458.1
-20458
-20458.1
-20458.1
-20458
-20458
-20457.9
-20458
-20457.6
-20457.4
-20457.3
-20457.3
-20457
-20457.2
-20457
-20456.7
-20456.6
-20456.5
-20456.5
-20456.2
-20456.1
-20456
-20456
-20455.9
-20456
-20455.5
-20455.2
-20454.8
-20454.4
-20454
-20453.7
-20453.3
-20452.9
-20452.6
-20452.2
-20451.9
-20451.7
-20451.7
-20451.7
-20451.6
-20451.6
-20451.5
-20451.3
-20451.3
-20450.9
-20450.7
-20450.6
-20450.9
-20450.5
-20450.6
-20450.5
-20450.2
-20450.1
-20450.1
-20450.1
-20449.9
-20449.5
-20449.1
-20448.8
-20448.4
-20448.2
-20448
-20447.8
-20447.8
-20447.5
-20447.3
-20447.5
-20447.3
-20447
-20446.9
-20446.9
-20447.1
-20446.9
-20447.1
-20446.9
-20446.9
-20446.9
-20446.8
-20446.8
-20446.5
-20446.5
-20446.5
-20446.2
-20446.4
-20446.2
-20446
-20446
-20445.9
-20445.9
-20445.9
-20445.9
-20446.1
-20445.4
-20445.1
-20445.1
-20445.1
-20445.1
-20445.1
-20445.2
-20445.1
-20445.2
-20445.1
-20444.8
-20444.5
-20444.3
-20443.9
-20443.6
-20443.3
-20443
-20442.8
-20442.8
-20442.8
-20442.4
-20442.4
-20442.4
-20442.3
-20442.3
-20442.3
-20442.2
-20442.3
-20442.2
-20442.1
-20442
-20442
-20441.7
-20441.7
-20441.7
-20441.7
-20441.7
-20441.3
-20441.1
-20440.8
-20440.4
-20440.2
-20439.9
-20439.7
-20439.5
-20439.3
-20439
-20439
-20439
-20438.8
-20438.5
-20438.4
-20438.4
-20438.2
-20438.1
-20438.2
-20438.2
-20437.8
-20437.6
-20437.6
-20437.5
-20437.9
-20437.5
-20437.1
-20437.1
-20437
-20437
-20437
-20436.8
-20436.9
-20436.9
-20436.5
-20436.3
-20436.2
-20436.2
-20436.1
-20436
-20436
-20436
-20435.9
-20436.1
-20435.9
-20435.4
-20435.2
-20435.3
-20435.3
-20435.4
-20435.3
-20435.2
-20435.2
-20435
-20434.7
-20434.7
-20434.7
-20434.5
-20434.9
-20434.6
-20434.2
-20434.1
-20434
-20434
-20434
-20434
-20434
-20434
-20433.7
-20433.6
-20433.7
-20433.6
-20433.1
-20432.8
-20432.7
-20432.7
-20432.7
-20432.7
-20432.6
-20432.4
-20432.5
-20432.4
-20432.4
-20432.4
-20432
-20431.9
-20431.9
-20431.9
-20432.1
-20431.9
-20431.8
-20431.8
-20431.6
-20431.3
-20431.3
-20431.3
-20431.1
-20430.9
-20430.7
-20431.1
-20430.7
-20430.4
-20430.1
-20430.1
-20430.1
-20430
-20429.7
-20429.4
-20429
-20428.7
-20428.3
-20428.1
-20427.8
-20427.6
-20427.2
-20426.9
-20426.8
-20426.8
-20426.8
-20426.9
-20426.9
-20426.5
-20426.3
-20426.2
-20426.2
-20426.2
-20426.2
-20425.9
-20426.3
-20425.9
-20425.6
-20425.5
-20425.5
-20425.4
-20425.4
-20425.4
-20425.4
-20425.3
-20425
-20424.7
-20424.6
-20424.6
-20424.4
-20424
-20423.9
-20423.9
-20423.9
-20423.9
-20423.8
-20423.7
-20423.8
-20423.3
-20423.2
-20423.2
-20423.3
-20423.1
-20423.1
-20422.8
-20422.4
-20422.3
-20422.3
-20422.3
-20422.2
-20422.1
-20422.4
-20422
-20421.6
-20421.5
-20421.5
-20421.5
-20421.4
-20421.4
-20421.4
-20421.6
-20420.9
-20420.7
-20420.6
-20420.6
-20420.6
-20420.5
-20420.8
-20420.5
-20420.3
-20420.1
-20420.1
-20420
-20420
-20420
-20420
-20419.7
-20419.7
-20419.7
-20419.6
-20419.6
-20419.5
-20419.6
-20419.5
-20419.5
-20419.6
-20419.2
-20419
-20419
-20418.9
-20418.9
-20418.9
-20418.9
-20418.7
-20418.3
-20418.2
-20418.1
-20417.9
-20417.9
-20417.8
-20417.8
-20418
-20417.4
-20417.2
-20417.1
-20417.1
-20417
-20417
-20417
-20417
-20416.9
-20416.9
-20416.8
-20416.7
-20416.5
-20416.5
-20416.5
-20416.4
-20416.4
-20416.2
-20416.2
-20416.2
-20416.1
-20416.1
-20416.1
-20416.1
-20415.8
-20415.5
-20415.3
-20415.1
-20415
-20415.1
-20415
-20414.8
-20414.8
-20414.8
-20414.8
-20414.8
-20414.7
-20414.6
-20414.9
-20414.7
-20414.5
-20414.4
-20414.4
-20414
-20413.9
-20413.8
-20413.8
-20413.7
-20413.7
-20413.5
-20413.7
-20413.5
-20413.1
-20413.1
-20413.1
-20412.9
-20413.2
-20412.9
-20412.8
-20412.8
-20412.7
-20412.8
-20412.5
-20412.5
-20412.5
-20412.6
-20412.5
-20412.2
-20412.1
-20411.9
-20411.8
-20411.8
-20411.8
-20411.8
-20411.9
-20411.4
-20411.2
-20411.3
-20411.2
-20411.1
-20411.2
-20411.2
-20411.2
-20411.1
-20411.1
-20410.7
-20410.5
-20410.4
-20410.4
-20410.4
-20410.1
-20410
-20410
-20410.1
-20410
-20409.7
-20409.5
-20409.5
-20409.5
-20409.4
-20409.2
-20409.1
-20409.2
-20408.7
-20408.4
-20408
-20407.9
-20407.5
-20407.2
-20407
-20406.8
-20406.4
-20406
-20405.7
-20405.4
-20405.1
-20404.7
-20404.4
-20404
-20403.7
-20403.4
-20403.2
-20403.1
-20403.2
-20403
-20402.7
-20402.5
-20402.5
-20402.5
-20402.4
-20402.4
-20402.5
-20402.4
-20402.2
-20401.8
-20401.8
-20401.8
-20401.5
-20401.5
-20401.5
-20401.5
-20401.5
-20401.3
-20401.1
-20401
-20401
{"marchimportrate",9.99623,true},// (0.740004)
{"beta",0.62908,false},// (0.0341296)
{"asymprate",0.4,true},// (0.0237936)
{"mu",0.00208259,false},// (0.0003586)
{"omega",0.460102,false},// (0.0636272)
{"rho0",0.0261425,false},// (0.0331732)
{"rho1",0.00777545,false},// (0.00765124)
{"rho2",0.0113653,false},// (0.005244)
{"rho3",0.0236194,false},// (0.00219881)
{"thetaposcoef",0.10553,false},// (0.136609)
{"etaposcoef",0.177029,false},// (0.0688663)
{"eta",0.864289,false},// (0.017363)
{"daktela",0.000786237,false},// (0.000425473)

var of params
0.547606,0.00206862,0.00674862,-8.27045e-06,0.00768632,-0.00222582,0.000966592,-0.000957356,-0.000165748,0.0126747,0.00188527,0.000359578,-2.78745e-05
0.00206862,0.00116483,1.35884e-05,-3.27298e-06,0.00211931,-9.14181e-06,-2.65178e-05,-1.24982e-05,3.87724e-05,0.00302986,0.000112882,4.6548e-05,-5.83174e-06
0.00674862,1.35884e-05,0.000566138,-1.05074e-06,0.000351053,2.44089e-06,-7.59951e-06,-8.31608e-06,-1.60996e-05,0.000831228,0.000130584,1.69894e-05,-2.11695e-06
-8.27045e-06,-3.27298e-06,-1.05074e-06,1.28594e-07,-6.28669e-06,7.01522e-08,-3.08167e-08,-1.06333e-07,-3.3609e-07,-2.10829e-05,-3.57097e-06,-8.80148e-07,7.30347e-08
0.00768632,0.00211931,0.000351053,-6.28669e-06,0.00404842,-1.49089e-05,-5.28589e-05,-2.79143e-05,6.04394e-05,0.00590319,0.000246015,8.75045e-05,-1.18047e-05
-0.00222582,-9.14181e-06,2.44089e-06,7.01522e-08,-1.49089e-05,0.00110046,-8.91186e-05,2.79205e-05,-6.12151e-07,-2.63545e-05,-5.46982e-05,-1.45439e-05,9.79145e-08
0.000966592,-2.65178e-05,-7.59951e-06,-3.08167e-08,-5.28589e-05,-8.91186e-05,5.85414e-05,-1.21352e-05,-1.87446e-07,-5.34213e-05,-4.94243e-06,-1.8928e-06,6.71038e-08
-0.000957356,-1.24982e-05,-8.31608e-06,-1.06333e-07,-2.79143e-05,2.79205e-05,-1.21352e-05,2.74996e-05,3.27206e-07,-1.54633e-05,-1.78179e-05,-5.06914e-06,1.20132e-09
-0.000165748,3.87724e-05,-1.60996e-05,-3.3609e-07,6.04394e-05,-6.12151e-07,-1.87446e-07,3.27206e-07,4.83477e-06,0.000231949,1.76993e-05,3.17775e-06,-7.72482e-07
0.0126747,0.00302986,0.000831228,-2.10829e-05,0.00590319,-2.63545e-05,-5.34213e-05,-1.54633e-05,0.000231949,0.018662,0.000932402,0.00014413,-4.59257e-05
0.00188527,0.000112882,0.000130584,-3.57097e-06,0.000246015,-5.46982e-05,-4.94243e-06,-1.78179e-05,1.76993e-05,0.000932402,0.00474256,0.00114969,-5.75866e-06
0.000359578,4.6548e-05,1.69894e-05,-8.80148e-07,8.75045e-05,-1.45439e-05,-1.8928e-06,-5.06914e-06,3.17775e-06,0.00014413,0.00114969,0.000301474,-9.61908e-07
-2.78745e-05,-5.83174e-06,-2.11695e-06,7.30347e-08,-1.18047e-05,9.79145e-08,6.71038e-08,1.20132e-09,-7.72482e-07,-4.59257e-05,-5.75866e-06,-9.61908e-07,1.81027e-07

9.99623,0.62908,0.4,0.00208259,0.460102,0.0261425,0.00777545,0.0113653,0.0236194,0.10553,0.177029,0.864289,0.000786237,
time: 10902 seconds.
