marchimportrate set filter to 1
beta set filter to 0
asymprate set filter to 1
mu set filter to 0
omega set filter to 0
rho0 set filter to 0
rho1 set filter to 0
rho2 set filter to 0
rho3 set filter to 0
thetaposcoef set filter to 0
etaposcoef set filter to 0
eta set filter to 0
daktela set filter to 0
ll= -20858.9
-36045.8
-20928.5
-52237.7
-20858.2
-20979.5
-20927.7
-34981.3
-20993.1
-20784.3
-20853.8
-21215.1
-24679.6
-29499.1
-21024.3
-60503.4
-20785.1
-24758
-20771.9
-21387.9
-20773.9
-21363.8
-20760.2
-121692
-20868.4
-105822
-20894
-111303
-20827.4
-115974
-20781.3
-120476
-29893.7
-20763.6
-22034.5
-20760.6
-24144.4
-20768.5
-29725.7
-20744.2
-29659.2
-20733.6
-20839.7
-20746.6
-20960.9
-20753.6
-20747.2
-20767.1
-20737.1
-21561.3
-20755.4
-21022.7
-20745.7
-21576.5
-20759.8
-20727.1
-20730.9
-22210.3
-20726.8
-21673.9
-20743.2
-21018.6
-20937.5
-20728.8
-20812.4
-20724.9
-20993.1
-20728.8
-20739
-20725.5
-20738.6
-20730.5
-20718.8
-20716.8
-20812.2
-20725.8
-20859.3
-20767.7
-20716.1
-20742.1
-20714.2
-20717.2
-20714.4
-20711.5
-20716.7
-20772.6
-20710.9
-20732.3
-20716.2
-20740
-20711
-20760
-20709.5
-20730.9
-20710.4
-20714.6
-20706.3
-20707.4
-20716.4
-20707.6
-20718.7
-20706.9
-20699.2
-20682.5
-20680.8
-20681.7
-20681.7
-20680.4
-20676.1
-20676.6
-20675.7
-20677.4
-20700.6
-20675.4
-20674.6
-20674.6
-20679.4
-20672.9
-20671.2
-20672.6
-20672.1
-20673.4
-20672.4
-20677.6
-20668.2
-20667.9
-20667.6
-20665.6
-20665.6
-20665.7
-20663.3
-20667.8
-20663.4
-20664.7
-20663.1
-20661.5
-20661.4
-20661.5
-20661.5
-20661.6
-20661.5
-20661
-20661.1
-20661
-20660.6
-20661.2
-20660.9
-20660.7
-20661.2
-20659.6
-20659.1
-20657.4
-20653.8
-20652.9
-20651.9
-20652.3
-20652.1
-20650.3
-20651.4
-20650.4
-20649.1
-20649.2
-20649.9
-20651.5
-20646.7
-20651
-20646.4
-20647.9
-20646.1
-20645
-20646.5
-20644.8
-20643.1
-20642.8
-20643.7
-20642.7
-20642.1
-20643
-20642
-20644
-20642.3
-20642.5
-20642.1
-20643.2
-20642.4
-20642.8
-20642.9
-20639.9
-20639.7
-20639.4
-20638.6
-20639.5
-20638.7
-20638.5
-20638.9
-20638.7
-20638.6
-20637.4
-20637.5
-20636.3
-20636.9
-20636.3
-20635.5
-20636.5
-20635.5
-20635.2
-20635.3
-20634.1
-20633.1
-20632.7
-20632.7
-20631.9
-20632.1
-20632.1
-20631
-20631.7
-20631
-20631.1
-20631
-20631.8
-20631.1
-20630.5
-20630.5
-20630.6
-20630.2
-20630
-20629.7
-20629.9
-20629.7
-20629
-20629.3
-20629.1
-20629.2
-20629.1
-20629.1
-20629.1
-20628.9
-20627.2
-20626.9
-20626.8
-20626.3
-20625.5
-20624.7
-20624.5
-20624.2
-20624.3
-20624.1
-20624.2
-20624.4
-20624.2
-20623.2
-20622
-20621.7
-20621.7
-20621.8
-20620.6
-20620.1
-20620.2
-20619.8
-20619.8
-20619.3
-20619.4
-20619.3
-20619.2
-20618.3
-20618
-20618.2
-20618.3
-20617
-20615.9
-20615.8
-20615.9
-20615.3
-20615.1
-20615.6
-20614.6
-20613.7
-20612.8
-20612.7
-20612.7
-20613.1
-20613
-20613.3
-20612.8
-20612.4
-20612.4
-20611.8
-20611.6
-20611.5
-20614
-20611.4
-20610.2
-20610.3
-20610.2
-20610.2
-20610.2
-20610.1
-20610.1
-20611.6
-20610.1
-20609.1
-20608.9
-20608.9
-20608.9
-20609.4
-20607.9
-20607.8
-20607.7
-20607.8
-20607.5
-20608.1
-20607.4
-20608.1
-20607.7
-20606.8
-20605.8
-20606.4
-20606
-20605.5
-20605.6
-20604.5
-20603.8
-20603.8
-20603.8
-20603.8
-20603.7
-20603.5
-20603.8
-20602.6
-20602.2
-20602.1
-20602
-20601.8
-20601.8
-20602.7
-20602
-20600.5
-20600.1
-20601.6
-20600.1
-20599.9
-20599.8
-20599.5
-20599.5
-20598.8
-20598.9
-20598.8
-20599
-20599
-20597.8
-20597
-20596.5
-20596.4
-20596.5
-20596.8
-20596.4
-20596.6
-20596.3
-20595.3
-20595.5
-20595.3
-20595.4
-20595.5
-20595
-20595.2
-20595.1
-20594.8
-20594.7
-20594.2
-20594.2
-20594.5
-20593.3
-20592.5
-20593
-20592.4
-20591.8
-20591.9
-20591.8
-20591.6
-20591.5
-20591.7
-20591.6
-20591.2
-20591.2
-20591.2
-20591.3
-20591
-20590.7
-20590.6
-20590.2
-20589.6
-20588.9
-20588.4
-20587.6
-20587.1
-20586.3
-20585.7
-20585
-20584.5
-20583.8
-20583.3
-20582.8
-20582.1
-20581.5
-20580.9
-20580.3
-20579.7
-20579.2
-20578.6
-20578.4
-20578.6
-20578.6
-20578.9
-20578.4
-20577.8
-20577.6
-20577.6
-20577.4
-20578.6
-20577.7
-20576.8
-20576.3
-20576.7
-20576.3
-20576
-20576
-20575.9
-20575.9
-20576
-20576.4
-20575.3
-20574.7
-20574.6
-20574.7
-20575.7
-20574.8
-20574.9
-20574.9
-20574.3
-20574.3
-20574.1
-20574.1
-20574
-20574.4
-20573
-20573.3
-20573
-20573
-20573.1
-20572.6
-20572.8
-20572.7
-20572.5
-20572.5
-20571.9
-20571.2
-20570.9
-20570.8
-20571
-20570.1
-20569.9
-20570
-20571.3
-20569.9
-20569.3
-20569.3
-20569.2
-20569.8
-20569.2
-20569.8
-20569.1
-20569.4
-20569
-20569.1
-20569
-20569.1
-20569
-20569.1
-20569.1
-20568.7
-20568.7
-20568.8
-20568.6
-20568.4
-20568.8
-20568.5
-20568.1
-20567.4
-20567.1
-20567
-20567.1
-20566.8
-20566.7
-20567.1
-20566.7
-20566.4
-20567.5
-20566.5
-20566.1
-20566.9
-20566
-20566.1
-20565.9
-20565.7
-20565.7
-20566
-20565.6
-20566.3
-20565.5
-20564.7
-20564.7
-20564.6
-20564.2
-20564.2
-20563.9
-20563.2
-20562.6
-20563.1
-20562.6
-20562.9
-20562.6
-20562.6
-20562.6
-20562.8
-20562.6
-20562.6
-20562.7
-20562.6
-20562.6
-20562.8
-20562.6
-20562.4
-20562.4
-20563.4
-20562.4
-20562.4
-20562.4
-20562.2
-20562.2
-20562
-20561.5
-20561.3
-20561.1
-20561.1
-20561
-20560.8
-20561
-20560.5
-20560.2
-20560.4
-20560.4
-20559.7
-20559.4
-20561.5
-20559.3
-20559.5
-20559.4
-20559
-20558.8
-20558.8
-20558.8
-20558.8
-20559
-20558.7
-20558.7
-20558.5
-20560.4
-20558.4
-20557.6
-20557.6
-20557.7
-20557.2
-20557.5
-20557.1
-20556.9
-20557
-20556.9
-20557
-20557
-20556.6
-20556.7
-20556.6
-20556.5
-20556.7
-20556.3
-20556.4
-20556.3
-20556.6
-20556.3
-20556.1
-20556.5
-20556.2
-20556.2
-20556
-20555.5
-20555.1
-20554.9
-20554.9
-20555.1
-20555.1
-20554.6
-20555
-20554.6
-20554.6
-20554.6
-20555.2
-20554.7
-20554.6
-20554.3
-20553.7
-20553.4
-20553.7
-20553.5
-20552.9
-20553.4
-20553.2
-20553.2
-20553.1
-20552.2
-20552.2
-20552.1
-20552.6
-20551.8
-20551.8
-20551.7
-20551.6
-20551.5
-20551.3
-20551.3
-20552.2
-20551.4
-20551.1
-20551.1
-20550.6
-20550.6
-20550.6
-20551.2
-20550.7
-20549.7
-20549.6
-20549.8
-20549.4
-20549.2
-20549.2
-20549.2
-20549.3
-20549
-20548.7
-20548.7
-20547.9
-20547.5
-20547.3
-20547.5
-20547.5
-20547.2
-20547.4
-20547.3
-20546.9
-20546.6
-20546.7
-20546.9
-20546.4
-20545.8
-20546
-20545.9
-20545.8
-20545.7
-20545.1
-20545.4
-20545.2
-20544.7
-20545.3
-20544.8
-20543.9
-20543.9
-20543.9
-20543.3
-20543.3
-20543.3
-20543.4
-20543.2
-20543.2
-20543.1
-20542.8
-20542.7
-20542.8
-20542.9
-20542.7
-20542.6
-20542.7
-20542.6
-20542.6
-20543.4
-20542.5
-20542.7
-20542.6
-20541.5
-20541.2
-20541.2
-20541.2
-20541
-20541
-20541.2
-20541
-20541.1
-20541
-20543
-20540.9
-20540.6
-20540.7
-20541.1
-20540.2
-20539.9
-20539.9
-20539.3
-20539.3
-20539.3
-20539.2
-20539.3
-20539.4
-20540
-20538.5
-20538.2
-20537.9
-20538.2
-20537.9
-20538.7
-20538
-20538.5
-20537.8
-20537.2
-20537
-20536.2
-20535.7
-20535.3
-20535
-20535
-20535.3
-20535
-20534.7
-20535.1
-20534.7
-20534.4
-20534.6
-20533.7
-20534.2
-20533.6
-20533.4
-20533.4
-20533.7
-20533.4
-20533.1
-20533.2
-20534
-20533.3
-20532.6
-20533.2
-20532.5
-20532.8
-20532.4
-20532.4
-20532.4
-20532.5
-20532.4
-20532.8
-20532.4
-20532.4
-20532.3
-20532
-20532.1
-20531.9
-20532.3
-20531.8
-20531.6
-20531
-20530.7
-20530.8
-20530.8
-20530.5
-20530.5
-20531.8
-20530.9
-20530.2
-20529.7
-20529.9
-20529.8
-20530.8
-20530
-20529.1
-20529.2
-20529
-20528.8
-20528.8
-20528.1
-20527.9
-20527.7
-20527.5
-20527.5
-20527.4
-20527.1
-20526.3
-20525.8
-20525.9
-20525.8
-20526.4
-20525.8
-20525.3
-20525
-20526.2
-20525
-20524.9
-20525
-20525.4
-20524.9
-20525.3
-20524.9
-20525.4
-20524.9
-20524.5
-20524.5
-20524.4
-20525
-20524.5
-20525
-20524.3
-20523.9
-20523.5
-20523.7
-20523.6
-20523.5
-20523.5
-20523.1
-20522.6
-20522.7
-20522.5
-20522.2
-20522
-20522
-20523
-20521.9
-20521.4
-20521.5
-20521.4
-20521.6
-20521.5
-20521.9
-20521.6
-20521.9
-20521.6
-20521.6
-20521.3
-20520.8
-20521.1
-20520.8
-20521.6
-20520.6
-20520.3
-20520
-20520
-20520.2
-20519.9
-20520
-20520.1
-20519.4
-20519.7
-20519.4
-20518.9
-20519.5
-20518.9
-20519.2
-20518.9
-20518.8
-20518.7
-20519.1
-20518.8
-20519.3
-20518.6
-20517.7
-20517.6
-20517.6
-20517.4
-20517.8
-20517.6
-20517.1
-20516.7
-20516.6
-20517
-20517
-20516.5
-20516.5
-20516.4
-20516.6
-20515.7
-20515.8
-20515.8
-20515.7
-20515.8
-20515.5
-20515.6
-20514.8
-20514.6
-20513.9
-20513.9
-20514
-20514.1
-20514
-20513.4
-20513.3
-20513.4
-20513.8
-20513.3
-20512.7
-20513.5
-20512.7
-20512.6
-20512.7
-20512.9
-20512.5
-20513
-20512.5
-20512.1
-20512
-20512
-20512.1
-20512.3
-20511.5
-20511.7
-20511.5
-20511.9
-20511.7
-20511.5
-20511.6
-20510.9
-20510.7
-20510.8
-20510.8
-20510.8
-20510.6
-20510.6
-20511.7
-20510.5
-20510.2
-20510.3
-20510.9
-20510.2
-20511
-20510.3
-20511
-20510.1
-20509.6
-20510.1
-20509.8
-20509.3
-20508.7
-20508.7
-20508.7
-20508.5
-20508.5
-20509.5
-20508.4
-20507.9
-20509.2
-20508
-20507.6
-20507.6
-20507.9
-20507.6
-20507.9
-20507.5
-20506.9
-20506.3
-20506.9
-20506.2
-20506.7
-20506.3
-20505.7
-20505.5
-20505.6
-20505.7
-20505.5
-20505.9
-20505.5
-20506.6
-20505.5
-20504.8
-20504.6
-20504.6
-20504.6
-20504.8
-20503.8
-20503.7
-20503.6
-20503.2
-20503.3
-20503.2
-20503.1
-20503.1
-20504.1
-20503.2
-20502.8
-20502.6
-20502.8
-20502.6
-20502.7
-20502.6
-20502.6
-20502.8
-20502.6
-20502.4
-20502.4
-20502.4
-20502.5
-20502.3
-20501.9
-20501.9
-20501.8
-20501.5
-20501.3
-20501.3
-20501.3
-20501.7
-20501.3
-20500.9
-20500.9
-20500.9
-20500.8
-20500.9
-20500.8
-20500.8
-20501
-20500.8
-20500.5
-20500.4
-20500.4
-20500.5
-20500.4
-20500.4
-20500.3
-20500.1
-20500.1
-20500.1
-20500.2
-20500.1
-20499.6
-20499.4
-20499.3
-20499.1
-20498.9
-20498.6
-20498.5
-20498.7
-20498.2
-20498
-20498
-20498
-20498.1
-20498
-20497.9
-20497.8
-20497.9
-20498.3
-20497.8
-20497.4
-20497.4
-20497.4
-20497.6
-20497.3
-20497.3
-20497.3
-20497.1
-20496.9
-20496.9
-20497.2
-20496.8
-20496.6
-20496.3
-20496.3
-20496.2
-20496
-20495.6
-20495.5
-20495.4
-20495.4
-20495.2
-20495.1
-20494.9
-20495.1
-20495
-20494.7
-20494.7
-20494.7
-20494.8
-20494.7
-20494.7
-20494.7
-20494.6
-20494.6
-20494.8
-20494.5
-20494.1
-20494
-20494.1
-20494.2
-20494
-20494.1
-20494
-20493.8
-20493.8
-20493.6
-20493.5
-20493.5
-20493.8
-20493.4
-20493.1
-20492.9
-20493
-20493
-20493
-20493
-20493
-20493.2
-20493
-20492.6
-20492.6
-20492.6
-20492.5
-20492.6
-20492.4
-20492.1
-20491.9
-20492
-20491.9
-20491.9
-20491.9
-20491.9
-20492
-20491.6
-20491.5
-20491.5
-20491.4
-20491.3
-20491.5
-20491.3
-20491.3
-20491.4
-20490.9
-20490.8
-20490.7
-20490.7
-20490.8
-20490.7
-20490.6
-20490.6
-20490.5
-20490.4
-20490.4
-20490.4
-20490.3
-20490.4
-20490.3
-20489.8
-20489.7
-20489.7
-20489.7
-20489.6
-20489.4
-20489.5
-20489.5
-20489.4
-20489.4
-20489
-20489
-20488.9
-20488.8
-20488.4
-20488.2
-20488.2
-20488.3
-20488.1
-20488.1
-20487.8
-20487.8
-20487.8
-20487.6
-20487.3
-20487.1
-20487.1
-20487.1
-20486.8
-20486.5
-20486.4
-20486.3
-20486.3
-20486.4
-20486.3
-20486.7
-20486.2
-20485.9
-20485.9
-20485.8
-20485.9
-20485.8
-20486.4
-20485.8
-20485.4
-20485.3
-20485.3
-20485.2
-20485.2
-20485.6
-20485.2
-20484.8
-20484.7
-20484.7
-20484.7
-20484.6
-20484.6
-20485
-20484.6
-20484.3
-20484.3
-20484.2
-20484.2
-20484.2
-20484.4
-20484.2
-20483.8
-20483.8
-20483.8
-20483.8
-20483.8
-20484
-20483.9
-20483.5
-20483.4
-20483.4
-20483.4
-20483.4
-20483.2
-20482.8
-20482.5
-20482.4
-20482.4
-20482.3
-20482.3
-20482.1
-20481.7
-20481.3
-20481.1
-20481
-20480.8
-20480.8
-20480.7
-20480.7
-20480.6
-20480.6
-20480.6
-20480.7
-20480.2
-20480.1
-20480.2
-20480.2
-20480.2
-20480.1
-20479.9
-20479.9
-20479.7
-20479.7
-20479.5
-20479.7
-20479.5
-20479.5
-20479.5
-20479.1
-20479
-20479
-20479
-20479
-20479
-20479
-20478.5
-20478.3
-20477.8
-20477.6
-20477.8
-20477.6
-20477.6
-20477.5
-20477.6
-20477.6
-20477.4
-20477.4
-20477.3
-20477.1
-20477.1
-20477.3
-20476.6
-20476.5
-20476.5
-20476.5
-20476.5
-20476.5
-20476.4
-20476.4
-20476.5
-20476.5
-20476.2
-20475.9
-20475.9
-20475.9
-20475.7
-20475.6
-20475.5
-20475.3
-20474.9
-20474.6
-20474.2
-20473.9
-20473.6
-20473.5
-20473.5
-20473.4
-20473.3
-20473
-20472.6
-20472.3
-20471.9
-20471.5
-20471.1
-20470.7
-20470.3
-20469.9
-20469.5
-20469.2
-20468.8
-20468.4
-20468
-20467.7
-20467.3
-20467
-20466.7
-20466.6
-20466.3
-20465.9
-20465.6
-20465.2
-20464.8
-20464.5
-20464.2
-20464
-20463.8
-20463.3
-20463.1
-20463
-20463.1
-20463.1
-20463
-20463.1
-20463
-20463.2
-20463
-20463.3
-20463
-20462.6
-20463
-20462.6
-20462.4
-20462.3
-20462.3
-20462
-20462
-20462
-20462
-20462
-20461.9
-20462.1
-20461.6
-20461.6
-20461.5
-20461.5
-20461.5
-20461.5
-20461.5
-20461.5
-20461.5
-20461.2
-20461.2
-20461.2
-20461.1
-20461.2
-20460.7
-20460.5
-20460.3
-20460.2
-20460.3
-20460.2
-20460.2
-20460.2
-20460.2
-20460.2
-20460.1
-20459.7
-20459.3
-20458.9
-20458.6
-20458.3
-20457.9
-20457.6
-20457.9
-20457.7
-20457.4
-20457.4
-20457.4
-20457.4
-20457.4
-20457.4
-20457.5
-20457.1
-20457.1
-20457.3
-20456.6
-20456.3
-20456.2
-20456.2
-20456.1
-20456
-20456.1
-20456
-20455.9
-20455.9
-20455.6
-20455.5
-20455.4
-20455.4
-20455.9
-20455.4
-20455.2
-20454.8
-20454.8
-20454.8
-20454.8
-20454.8
-20454.9
-20454.9
-20454.5
-20454.4
-20454.5
-20454.3
-20454.3
-20453.9
-20453.7
-20454.1
-20453.7
-20453.4
-20453.3
-20453.3
-20453.2
-20453.3
-20453
-20452.6
-20452.5
-20452.1
-20451.9
-20451.8
-20451.9
-20451.7
-20452.1
-20451.6
-20451.4
-20451.3
-20451.3
-20451.2
-20451.3
-20451.1
-20451.1
-20451.4
-20451.1
-20450.8
-20450.7
-20450.6
-20450.5
-20450.5
-20450.3
-20450.4
-20450.3
-20450
-20449.9
-20449.6
-20449.4
-20449.2
-20449.1
-20449.2
-20449.1
-20449
-20449.2
-20448.8
-20448.3
-20448.1
-20447.9
-20448
-20447.8
-20448
-20447.8
-20447.9
-20447.8
-20447.6
-20447.6
-20447.6
-20447.5
-20447.4
-20447.8
-20447.4
-20446.9
-20446.8
-20446.6
-20446.6
-20446.6
-20446.6
-20446.5
-20446.4
-20446.3
-20446.3
-20446.8
-20446.2
-20445.9
-20446.1
-20445.9
-20446.1
-20445.9
-20445.8
-20445.7
-20445.7
-20445.7
-20445.4
-20445.2
-20445
-20445
-20445.1
-20444.7
-20444.4
-20444.2
-20444
-20444
-20444
-20444.1
-20444
-20443.8
-20443.8
-20443.9
-20443.5
-20443.2
-20443
-20442.7
-20442.9
-20442.7
-20443.1
-20442.7
-20442.5
-20442.4
-20442.4
-20442.5
-20442.4
-20442.4
-20442.4
-20442.2
-20442.5
-20442.2
{"marchimportrate",9.99623,true},// (0.717905)
{"beta",0.542974,false},// (0.0311417)
{"asymprate",0.5,true},// (0.0208583)
{"mu",0.00216906,false},// (0.000374705)
{"omega",0.363529,false},// (0.0564545)
{"rho0",0.0221694,false},// (0.0268008)
{"rho1",0.00886518,false},// (0.00611387)
{"rho2",0.00931223,false},// (0.00432453)
{"rho3",0.0197045,false},// (0.00182339)
{"thetaposcoef",0.0945666,false},// (0.132991)
{"etaposcoef",0.21223,false},// (0.0666592)
{"eta",0.865923,false},// (0.0170294)
{"daktela",0.000425008,false},// (0.00034221)

var of params
0.515387,-0.00171503,0.0069795,2.57821e-06,0.000637268,-0.0023381,0.00112951,-0.000861192,-0.000276913,0.00510009,-3.46319e-05,-0.000224877,-9.58425e-06
-0.00171503,0.000969807,-6.18204e-05,-3.35867e-06,0.00172346,3.29838e-06,-9.33974e-06,-1.1018e-05,3.22354e-05,0.00269604,9.5176e-05,4.62022e-05,-4.32664e-06
0.0069795,-6.18204e-05,0.00043507,-5.77081e-07,0.000118292,-4.69946e-06,-8.61985e-06,-3.81254e-06,-1.38342e-05,0.000586884,5.78401e-05,1.56077e-07,-1.16749e-06
2.57821e-06,-3.35867e-06,-5.77081e-07,1.40404e-07,-6.17392e-06,1.56888e-08,-4.63686e-08,-4.98242e-08,-2.84842e-07,-2.05402e-05,-3.15966e-06,-8.7213e-07,5.80135e-08
0.000637268,0.00172346,0.000118292,-6.17392e-06,0.00318712,3.58118e-06,-2.18175e-05,-2.22324e-05,5.07091e-05,0.00513176,0.000172055,7.72461e-05,-8.48638e-06
-0.0023381,3.29838e-06,-4.69946e-06,1.56888e-08,3.58118e-06,0.000718283,-5.53252e-05,1.88833e-05,2.40197e-07,9.16028e-06,-4.87235e-05,-1.29757e-05,1.36784e-08
0.00112951,-9.33974e-06,-8.61985e-06,-4.63686e-08,-2.18175e-05,-5.53252e-05,3.73794e-05,-9.90408e-06,2.26854e-07,-2.54028e-05,1.39946e-05,3.60744e-06,1.50865e-08
-0.000861192,-1.1018e-05,-3.81254e-06,-4.98242e-08,-2.22324e-05,1.88833e-05,-9.90408e-06,1.87016e-05,5.19339e-08,-1.73568e-05,-1.31354e-05,-3.94055e-06,1.26897e-08
-0.000276913,3.22354e-05,-1.38342e-05,-2.84842e-07,5.07091e-05,2.40197e-07,2.26854e-07,5.19339e-08,3.32477e-06,0.000185007,1.3162e-05,2.34861e-06,-5.0988e-07
0.00510009,0.00269604,0.000586884,-2.05402e-05,0.00513176,9.16028e-06,-2.54028e-05,-1.73568e-05,0.000185007,0.0176866,0.00062128,6.74073e-05,-3.53456e-05
-3.46319e-05,9.5176e-05,5.78401e-05,-3.15966e-06,0.000172055,-4.87235e-05,1.39946e-05,-1.31354e-05,1.3162e-05,0.00062128,0.00444345,0.00108893,-3.99747e-06
-0.000224877,4.62022e-05,1.56077e-07,-8.7213e-07,7.72461e-05,-1.29757e-05,3.60744e-06,-3.94055e-06,2.34861e-06,6.74073e-05,0.00108893,0.000289999,-6.17981e-07
-9.58425e-06,-4.32664e-06,-1.16749e-06,5.80135e-08,-8.48638e-06,1.36784e-08,1.50865e-08,1.26897e-08,-5.0988e-07,-3.53456e-05,-3.99747e-06,-6.17981e-07,1.17108e-07

9.99623,0.542974,0.5,0.00216906,0.363529,0.0221694,0.00886518,0.00931223,0.0197045,0.0945666,0.21223,0.865923,0.000425008,
time: 14536 seconds.
