marchimportrate set filter to 1
beta set filter to 0
asymprate set filter to 1
mu set filter to 0
omega set filter to 0
rho0 set filter to 0
rho1 set filter to 0
rho2 set filter to 0
rho3 set filter to 0
thetaposcoef set filter to 0
etaposcoef set filter to 0
eta set filter to 0
daktela set filter to 0
ll= -24173.2
-39345.7
-24160.3
-50912.2
-24161.9
-24329.3
-24290
-49688.8
-23717.5
-23733
-23674.1
-25284.4
-26251.3
-32054.6
-23783.6
-31611.8
-23675.7
-38042.5
-23660.9
-38033.3
-23649.6
-23074
-22985.4
-21771.4
-21777.8
-21518.1
-21544.8
-35203.1
-21879.1
-33181.8
-21497.8
-115946
-24501.5
-21984.4
-21498.2
-24567.6
-21450.5
-23183.3
-21453.1
-22342.3
-21466.2
-29342.9
-21478
-29367
-21561.1
-29376.8
-21466
-29321.1
-21425.2
-28751.6
-21409.3
-28467.9
-21382.4
-24457.8
-21434.6
-21816
-21526.2
-21389.2
-21700.8
-21374.6
-21467.4
-21413
-23209
-21693.5
-21373.9
-21410.4
-21375.1
-21400.8
-21375.3
-21424.5
-21366.4
-21373.5
-21369.1
-21662.9
-21391.5
-21366.4
-21366.7
-21503.6
-21359.8
-21388
-21359.2
-21361.3
-21363.5
-21367.2
-21359.1
-21379.5
-21358.4
-21362.1
-21358.4
-21371
-21359.4
-21408.6
-21360.5
-21364.4
-21379
-21362.1
-21356.6
-21359.3
-21355.9
-21355.1
-21356.6
-21357.6
-21358.5
-21366.4
-21355.4
-21362.1
-21355.6
-21352.7
-21352.8
-21362.3
-21354.1
-21356.7
-21351.8
-21355
-21351.6
-21351.1
-21347.8
-21345.8
-21349
-21358.1
-21344.6
-21336.8
-21342
-21336.6
-21336.2
-21336.8
-21335.8
-21335.1
-21332.5
-21333.2
-21341.5
-21331.9
-21335.4
-21334
-21330.7
-21331.4
-21356
-21331.1
-21333.6
-21332
-21338.6
-21330.3
-21331.2
-21331.1
-21340.5
-21330.3
-21335.2
-21332.9
-21330.5
-21331.2
-21330.3
-21330.5
-21328.1
-21327.1
-21327.1
-21326.7
-21325.9
-21325.1
-21325.4
-21325.6
-21325.6
-21325.9
-21325.1
-21323
-21322.8
-21322.2
-21322.4
-21322.3
-21321.6
-21321
-21320.2
-21319.8
-21319.7
-21318.5
-21318.4
-21317.8
-21316.8
-21314.8
-21314.4
-21314.5
-21314
-21314
-21314.2
-21314
-21313.7
-21314.2
-21314.1
-21313.2
-21311.5
-21311.5
-21311.3
-21310.6
-21310.7
-21311
-21310.9
-21310.4
-21310.6
-21310.3
-21310.3
-21309.4
-21309.8
-21309.9
-21308.2
-21308.1
-21308.1
-21309.5
-21307.9
-21307.4
-21307.5
-21307.4
-21307.3
-21307.5
-21308.2
-21305.9
-21306.7
-21305.6
-21304.2
-21303.9
-21303.9
-21303.9
-21303.8
-21302.9
-21300.7
-21299.1
-21297.7
-21297.2
-21295.7
-21295.9
-21295.7
-21295.9
-21295.6
-21295.8
-21295.7
-21296.2
-21295.3
-21294
-21293.7
-21293.3
-21292.6
-21290.7
-21289.7
-21289.5
-21289.7
-21289.5
-21289.4
-21288.4
-21287.7
-21287.5
-21287.1
-21285
-21284.5
-21283.3
-21283.4
-21283.3
-21282.9
-21282.9
-21282.5
-21282.6
-21282.7
-21281.9
-21280.9
-21279.4
-21277.9
-21277.9
-21278.3
-21276.5
-21275.4
-21275.2
-21275.2
-21274.4
-21274.4
-21274
-21274.1
-21276
-21273.7
-21273.4
-21272.9
-21271.9
-21272.4
-21271.8
-21272.6
-21272.2
-21270.8
-21270.3
-21270.4
-21269.1
-21269.2
-21268.9
-21268.3
-21270.4
-21268.5
-21266.5
-21266.3
-21266.3
-21266.1
-21266
-21266.7
-21266
-21267.2
-21265.9
-21264.5
-21264
-21264.2
-21264.9
-21264.1
-21263
-21263
-21263.1
-21262.9
-21263.1
-21262.8
-21262.9
-21262.8
-21262.6
-21261.3
-21260.5
-21258.8
-21257.7
-21257.2
-21255.4
-21253.8
-21253
-21252.3
-21252.5
-21252.3
-21252.7
-21252.3
-21251.7
-21251.7
-21250.4
-21249.7
-21250.8
-21249.5
-21249.7
-21249.6
-21249.7
-21249.7
-21248.7
-21248.7
-21249.9
-21248.7
-21247.7
-21246.9
-21249.5
-21246.8
-21245.2
-21244
-21243.8
-21243.8
-21243.3
-21243.3
-21243.1
-21243.1
-21245.4
-21242.8
-21242
-21240.5
-21239.6
-21238.2
-21236.8
-21235.4
-21234.3
-21233
-21231.9
-21231.4
-21230.9
-21230.8
-21230.2
-21229.9
-21230.2
-21228.6
-21228.5
-21228.6
-21226.4
-21225.4
-21224.9
-21226.5
-21224.7
-21226.2
-21224.6
-21224.7
-21224.6
-21225.6
-21224.3
-21223.7
-21223.3
-21222.3
-21221.8
-21220.8
-21220.3
-21224.4
-21220.4
-21218.8
-21218.3
-21218.4
-21217.4
-21217.3
-21217.3
-21217.8
-21217.3
-21216.1
-21216.5
-21216.2
-21216.4
-21216.1
-21215
-21213.4
-21212.7
-21211.3
-21210
-21209.4
-21207.8
-21207
-21205.7
-21205.7
-21205.6
-21205.4
-21205.3
-21205.3
-21205.3
-21206
-21205
-21205
-21205
-21203.2
-21203.9
-21203.2
-21203.2
-21203.3
-21203.1
-21203.3
-21202.8
-21202.3
-21202.4
-21202.3
-21202
-21202.2
-21201.1
-21199.4
-21199.1
-21199
-21198.2
-21197.2
-21195.9
-21195.5
-21194.9
-21195
-21194.9
-21194
-21193.3
-21193.2
-21193.2
-21193.3
-21193.1
-21194.1
-21193.2
-21191.9
-21191.5
-21190.7
-21190.6
-21192.1
-21190.6
-21189.7
-21190
-21189.8
-21190
-21189.5
-21189.3
-21189.3
-21189.3
-21189.1
-21187.6
-21186.4
-21185.5
-21184.7
-21184.3
-21184.3
-21186.2
-21184.1
-21183.7
-21183.7
-21183.7
-21183.8
-21184.3
-21183.8
-21185.3
-21183.7
-21184.1
-21183.5
-21183
-21183.6
-21183
-21183.2
-21183.2
-21182.9
-21182.7
-21181.2
-21180.9
-21181
-21180.7
-21180.8
-21181.9
-21180
-21179.3
-21178.9
-21178.8
-21178
-21177.7
-21177.7
-21178.3
-21177.7
-21176.7
-21177.1
-21176.7
-21177
-21176.7
-21177
-21176.8
-21176.8
-21176.7
-21176.7
-21176.6
-21176
-21175.8
-21175.8
-21177.4
-21175.9
-21176.2
-21174.5
-21174.5
-21174.6
-21174.8
-21174.5
-21174.5
-21174.5
-21177.1
-21174.4
-21173
-21172.9
-21172.9
-21173.2
-21172.8
-21175.4
-21172.7
-21171.8
-21170.5
-21169.5
-21168.8
-21167.7
-21167
-21166.7
-21166.8
-21166.6
-21166.8
-21165.3
-21164.5
-21163.6
-21162.6
-21162.4
-21162.4
-21162.5
-21162.4
-21162.1
-21161.3
-21160.4
-21159.9
-21159.6
-21159.3
-21158.5
-21157.9
-21157.5
-21157.2
-21156.1
-21156
-21156
-21155.4
-21154.5
-21155.8
-21154.5
-21153.5
-21153.3
-21153.3
-21153.5
-21153.3
-21153
-21152.9
-21151.7
-21150.6
-21149.4
-21148.3
-21147.4
-21146.3
-21145.4
-21144.7
-21143.8
-21143.3
-21143.2
-21143.4
-21142.8
-21142.3
-21142.1
-21142
-21141.9
-21140.8
-21140
-21139.1
-21138.2
-21137.4
-21136.2
-21135.1
-21134.2
-21133.1
-21132.1
-21131.4
-21131.2
-21131.1
-21131
-21130.8
-21130.4
-21129.3
-21128.2
-21127.3
-21127
-21127.4
-21127
-21126.6
-21127.6
-21126.7
-21126.6
-21126.8
-21126.8
-21126.3
-21125.1
-21124.5
-21124.3
-21124.5
-21124
-21125.1
-21124.1
-21125.5
-21124.1
-21123.2
-21122.8
-21122.4
-21122.3
-21122.5
-21121.8
-21121.2
-21120.6
-21120.6
-21120.7
-21120.7
-21120.5
-21120.7
-21120.5
-21123.1
-21120.3
-21120
-21119.9
-21119.9
-21120.7
-21118.4
-21118.3
-21118.2
-21117.7
-21117.7
-21117.6
-21117.7
-21118
-21117.6
-21118.2
-21117.3
-21116.1
-21116.7
-21116.1
-21116
-21116
-21115.8
-21115.9
-21115.3
-21115.5
-21115.3
-21115.3
-21115.3
-21116.5
-21115
-21114.8
-21114.6
-21114
-21113.2
-21112.7
-21112.8
-21112.6
-21112.6
-21112.4
-21112.1
-21111.9
-21111.7
-21111.2
-21110.2
-21109.8
-21110.5
-21110
-21109.4
-21110.5
-21109.4
-21109.1
-21109.1
-21109.3
-21109
-21109
-21109.1
-21108.9
-21108.8
-21108.6
-21108.3
-21107.2
-21106.5
-21106.1
-21105.7
-21105.5
-21105.4
-21105.8
-21105.3
-21105.2
-21104.9
-21105.6
-21104.8
-21104.2
-21104.2
-21104.1
-21104.8
-21104.1
-21105.1
-21104.1
-21103.4
-21102.9
-21102.9
-21102.8
-21102.5
-21102.3
-21102.8
-21100.9
-21100.4
-21100.4
-21100.4
-21100.6
-21100.4
-21101.5
-21100.6
-21100
-21099.9
-21100
-21099.8
-21099.6
-21100.1
-21098.2
-21097.7
-21098.3
-21097.6
-21097.5
-21097.5
-21097.9
-21097.6
-21097.4
-21097.1
-21097.4
-21096.9
-21096.4
-21096
-21098.3
-21096
-21094.9
-21094.8
-21094.8
-21095.1
-21094.8
-21094.4
-21094.2
-21094.6
-21094.4
-21093.7
-21093.9
-21093.8
-21094
-21093.8
-21093.3
-21093.1
-21093
-21093
-21092.8
-21092.7
-21091.7
-21093.1
-21091.7
-21091.6
-21091.5
-21091.1
-21090.9
-21091.5
-21090.9
-21090.9
-21090.9
-21090.9
-21091
-21093
-21091
-21090.3
-21090.4
-21090.3
-21090.3
-21090.5
-21090.3
-21090.1
-21090.1
-21090.4
-21089.9
-21089.5
-21089.4
-21089.8
-21089.6
-21089.2
-21089.6
-21089.6
-21089.4
-21088.6
-21088.4
-21088
-21088
-21088
-21088.3
-21087.7
-21087.1
-21087
-21086.5
-21086.3
-21086.3
-21085.5
-21085.5
-21085.5
-21087.3
-21085.5
-21085.4
-21085.6
-21085.4
-21085.6
-21084.9
-21085
-21084.9
-21083.9
-21082.9
-21082.5
-21082
-21082
-21081.4
-21080.6
-21080
-21079.4
-21079
-21078.8
-21079
-21078.7
-21079
-21077.7
-21077.6
-21077.6
-21077.3
-21077.3
-21076.9
-21076.7
-21076.8
-21077
-21076.8
-21076.5
-21076
-21076
-21075.4
-21075.3
-21075.5
-21075.7
-21075.5
-21074.5
-21073.6
-21073.6
-21073.5
-21072.9
-21072.6
-21073.1
-21073.2
-21072
-21072
-21072.1
-21072.3
-21072
-21072.6
-21072
-21071.6
-21071.6
-21072.9
-21071.6
-21071.2
-21071.2
-21071
-21071.7
-21071
-21070.3
-21069.8
-21070
-21069.7
-21070.1
-21069.7
-21069.9
-21069.8
-21070.2
-21069.4
-21069.1
-21069.2
-21069.2
-21069.1
-21069.6
-21069.1
-21068.6
-21069.1
-21068.6
-21068.6
-21068.7
-21068.2
-21069.3
-21068.3
-21068.7
-21068.2
-21067.7
-21067.8
-21067.7
-21067.7
-21067.5
-21067.5
-21067.4
-21067.5
-21067.3
-21066.8
-21066.7
-21066.5
-21065.8
-21066.1
-21065.8
-21066.5
-21066
-21065.6
-21065.4
-21064.6
-21064.8
-21064.6
-21064.7
-21064.5
-21063.7
-21064.6
-21063.7
-21063.4
-21063.3
-21063.8
-21063.3
-21064.7
-21063.5
-21063.1
-21063.1
-21063.4
-21063
-21063.2
-21063.1
-21063.5
-21062.9
-21062.6
-21062.6
-21062.3
-21065.3
-21062.4
-21060.9
-21060.9
-21060.9
-21060.9
-21060.9
-21060.9
-21060.9
-21060.8
-21060.2
-21060
-21060
-21059.8
-21058.7
-21058.6
-21058.7
-21057.8
-21057.8
-21057.9
-21056.9
-21056.6
-21056.1
-21056.1
-21056
-21056.2
-21056.3
-21056.9
-21056
-21055
-21054.9
-21054.8
-21055.7
-21054.7
-21054.3
-21055.5
-21054.1
-21054
-21054.1
-21054.3
-21054.1
-21054
-21053.8
-21053
-21052.5
-21052
-21052.3
-21051.8
-21050.9
-21050.5
-21050.2
-21050.1
-21050
-21049.1
-21048.7
-21048.4
-21048.4
-21048.4
-21048.3
-21048.2
-21048.3
-21049.4
-21048.1
-21047.6
-21047.4
-21047.4
-21047.4
-21048.4
-21047.3
-21047.6
-21047.3
-21047.6
-21047.4
-21046.7
-21046.9
-21046.6
-21046.6
-21046.8
-21046.3
-21046.1
-21046.3
-21046
-21045.5
-21045.5
-21045.4
-21045.2
-21045
-21044.7
-21044.7
-21044.6
-21044.9
-21044.4
-21043.7
-21043.2
-21044.3
-21043.3
-21042.9
-21042.9
-21043.2
-21043
-21042.8
-21042.7
-21042.4
-21042.3
-21043
-21042
-21041.5
-21041.5
-21041.6
-21041.6
-21041.4
-21041.1
-21041
-21041.1
-21041.1
-21040.1
-21039.6
-21039.2
-21039.4
-21039.4
-21038.4
-21038.6
-21038.3
-21038
-21037.4
-21037.6
-21037.4
-21037.9
-21037.4
-21037.3
-21037.2
-21036.4
-21036.3
-21036.5
-21035.6
-21036
-21035.8
-21034.8
-21034.8
-21034.8
-21034.6
-21034.6
-21035.6
-21034.4
-21034.3
-21034.3
-21033.6
-21033.3
-21033.2
-21034.6
-21033.3
-21032.7
-21033
-21032.8
-21032.7
-21032.7
-21032.6
-21032.7
-21033.7
-21032.4
-21031.7
-21031.7
-21031.7
-21031.6
-21031.5
-21030.6
-21030.4
-21029.6
-21031
-21029.7
-21029
-21029
-21028.9
-21029
-21028.8
-21028.6
-21028
-21027.3
-21027.3
-21027.3
-21027.2
-21027.3
-21026.9
-21026.8
-21026.8
-21027.1
-21027.3
-21026.1
-21026.3
-21026.4
-21026.2
-21026.2
-21027
-21026
-21026.8
-21026.1
-21025.6
-21025.6
-21025.5
-21025.4
-21025.1
-21025.2
-21025.2
-21024.9
-21025.2
-21024.9
-21025
-21024.8
-21024.2
-21024.1
-21023.9
-21023.9
-21023.8
-21024.6
-21023.9
-21023.8
-21023.7
-21024.1
-21023.5
-21023.4
-21023.4
-21023.2
-21023.3
-21022.6
-21022.9
-21022.5
-21022
-21022
-21022.2
-21022.4
-21022
-21021.2
-21021
-21021
-21021.4
-21021
-21020.9
-21020.9
-21022.9
-21020.9
-21019.9
-21020
-21019.9
-21021
-21020
-21019.7
-21019.7
-21019.8
-21019.7
-21019.8
-21019.8
-21019.4
-21019.4
-21020.2
-21019.5
-21019.5
-21019.3
-21019.4
-21019.4
-21020.2
-21019.2
-21019.4
-21019.2
-21019.2
-21019.1
-21019.3
-21019.1
-21018.8
-21018.4
-21018.8
-21018.4
-21018.7
-21018.3
-21017.8
-21018
-21017.8
-21017.8
-21018.2
-21017.8
-21017.4
-21017.5
-21016.9
-21018
-21017.1
-21016.5
-21017.8
-21016.4
-21016.4
-21016.4
-21018.2
-21016.4
-21016.8
-21016.4
-21016.7
-21016.3
-21017.2
-21016.2
-21015.2
-21015.4
-21015.3
-21015.3
-21015.3
-21015.4
-21015.1
-21015.7
-21015.1
-21014.8
-21014.8
-21014.5
-21014.3
-21014.1
-21014.2
-21013.7
-21014
-21013.5
-21012.6
-21012.4
-21012.3
-21012.2
-21012.1
-21011.8
-21011.6
-21011.3
-21011.2
-21011.1
-21010.7
-21010.7
-21011.2
-21010.4
-21010.2
-21010.1
-21009.7
-21009.6
-21009.6
-21010.3
-21009.7
-21008.6
-21008.7
-21008.6
-21009.3
-21008.6
-21008.9
-21008.6
-21008.4
-21008.5
-21008.1
-21008.3
-21007.7
-21008.1
-21007.2
-21007.1
-21007
-21007.5
-21007.1
-21007.1
-21006.8
-21007.4
-21006.9
-21007.3
-21007.2
-21005.8
-21007.5
-21005.8
-21005.6
-21005.5
-21005.6
-21005.5
-21005.2
-21005.4
-21005.2
-21005.2
-21005.6
-21004.8
-21004.2
-21004.1
-21004.2
-21005.1
-21004.2
-21004.8
-21004.2
-21005.1
-21004.5
-21002.9
-21002.6
-21002.7
-21002.5
-21002.3
-21002.4
-21004.7
-21002.2
-21002
-21002
-21002.9
-21001.9
-21001.5
-21001.4
-21000.9
-21001
-21001
-21001.1
-21001
-21000.5
-21000.8
-21000.7
-21002.3
-21000.5
-20999.6
-20999.3
-20999.2
-21001.3
-20999.2
-20999
-20999.1
-20999.4
-20998.9
-20999
-20998.8
-20998.8
-20999.1
-20998
-20997.8
-20998
-20997.7
-20997.4
-20997.5
-20997.5
-20997.3
-20997.5
-20997.4
-20997
-20996.1
-20995.8
-20995
-20994.9
-20995
-20995.2
-20994.8
-20994.5
-20994.7
-20994.5
-20995
-20993.9
-20993.9
-20993.7
-20994.6
-20993.6
-20993.5
-20993.4
-20993.5
-20993.5
-20993.4
-20993.4
-20993
-20993.8
-20993.1
-20992.3
-20992.9
-20992.5
-20992.5
-20992.4
-20991.5
-20991.3
-20991.4
-20991.3
-20991.2
-20990.9
-20990.8
-20990.4
-20990.1
-20990.7
-20990
-20990.2
-20989.8
-20989.8
-20989.8
-20989.8
-20989.7
-20989.6
-20989.5
-20990.2
-20989.6
-20988.9
-20989
-20989.1
-20989.1
-20988.9
-20989.3
-20988.8
-20988.6
-20988.8
-20988.5
-20988.8
-20988.5
-20988.6
-20988.5
-20989.2
-20988.4
-20989.2
-20988.2
-20987.7
-20988.1
-20987.9
-20987.5
-20987.6
-20987.3
-20987.3
-20987.3
-20987.3
-20986.2
-20985.8
-20985.4
-20985.4
-20985.7
-20985.3
-20985.1
-20984.4
-20984.4
-20984.4
-20984.3
-20984.5
-20984.1
-20984.6
-20984
-20984.3
-20984.1
-20984.1
-20984
-20983.8
-20983.9
-20983.8
-20984
-20983.9
-20983.5
-20983.3
-20983.3
-20983.1
-20982.8
-20982.4
-20982.2
-20982
-20982
-20981.9
-20981.9
-20981.8
-20981.8
-20981.7
-20981.3
-20980.9
-20980.8
-20980.8
-20980.8
-20980.9
-20980.7
-20980.2
-20980
-20980
-20980
-20979.9
-20980
-20979.9
-20979.8
-20979.8
-20979.8
-20980
-20979.5
-20979.5
-20979.1
-20979.1
-20979.5
-20979.1
-20979.2
-20979
-20979.1
-20979.1
-20979.5
-20979
-20978.7
-20978.4
-20978.4
-20978.7
-20978.3
-20978.3
-20978.4
-20977.9
-20977.9
-20977.9
-20977.9
-20977.9
-20977.9
-20977.9
{"marchimportrate",9.99623,true},// (0.794616)
{"beta",0.486551,false},// (0.0280061)
{"asymprate",0.6,true},// (0.0182313)
{"mu",0.00228783,false},// (0.000404091)
{"omega",0.307131,false},// (0.0496627)
{"rho0",0.0116489,false},// (0.0083583)
{"rho1",0.00471917,false},// (0.00559022)
{"rho2",0.00900297,false},// (0.00382673)
{"rho3",0.0149065,false},// (0.00140741)
{"thetaposcoef",0.236535,false},// (0.122497)
{"etaposcoef",0.1431,false},// (0.063243)
{"eta",0.886672,false},// (0.0160436)
{"daktela",0.000655845,false},// (0.000263336)

var of params
0.631414,-0.00537123,0.0079569,2.16437e-07,-0.0058113,-0.0019045,0.00213699,-0.000834233,-0.000336094,-0.000398735,0.0040565,0.000583159,-1.39071e-05
-0.00537123,0.000784342,-0.000106054,-3.06576e-06,0.00136851,8.40069e-06,4.25718e-06,-1.29057e-05,2.42882e-05,0.00220143,-3.71539e-05,8.20066e-06,-2.78564e-06
0.0079569,-0.000106054,0.000332381,-6.05793e-07,-2.99356e-05,-8.78794e-06,-6.09146e-06,-2.59082e-06,-1.02051e-05,0.000417486,0.000110889,8.19265e-06,-1.13324e-06
2.16437e-07,-3.06576e-06,-6.05793e-07,1.6329e-07,-5.6316e-06,3.17415e-08,-5.02162e-08,3.55043e-08,-2.34617e-07,-2.06337e-05,-3.29384e-06,-7.63165e-07,4.82609e-08
-0.0058113,0.00136851,-2.99356e-05,-5.6316e-06,0.00246638,1.09703e-05,4.64432e-06,-2.4837e-05,3.87555e-05,0.00413018,-3.65766e-05,1.44195e-05,-5.62716e-06
-0.0019045,8.40069e-06,-8.78794e-06,3.17415e-08,1.09703e-05,6.98611e-05,-1.7881e-05,5.54246e-06,3.68092e-07,5.64746e-06,-2.5812e-05,-6.3357e-06,2.32915e-08
0.00213699,4.25718e-06,-6.09146e-06,-5.02162e-08,4.64432e-06,-1.7881e-05,3.12506e-05,-9.14933e-06,3.55484e-07,6.59593e-06,1.88992e-06,8.5677e-07,-9.84179e-09
-0.000834233,-1.29057e-05,-2.59082e-06,3.55043e-08,-2.4837e-05,5.54246e-06,-9.14933e-06,1.46439e-05,-2.00359e-07,-3.4783e-05,-2.9688e-06,-1.0867e-06,5.13069e-08
-0.000336094,2.42882e-05,-1.02051e-05,-2.34617e-07,3.87555e-05,3.68092e-07,3.55484e-07,-2.00359e-07,1.98079e-06,0.000127932,9.37374e-06,2.13092e-06,-2.7959e-07
-0.000398735,0.00220143,0.000417486,-2.06337e-05,0.00413018,5.64746e-06,6.59593e-06,-3.4783e-05,0.000127932,0.0150056,0.000757261,0.000121879,-2.41332e-05
0.0040565,-3.71539e-05,0.000110889,-3.29384e-06,-3.65766e-05,-2.5812e-05,1.88992e-06,-2.9688e-06,9.37374e-06,0.000757261,0.00399968,0.000969034,-3.45002e-06
0.000583159,8.20066e-06,8.19265e-06,-7.63165e-07,1.44195e-05,-6.3357e-06,8.5677e-07,-1.0867e-06,2.13092e-06,0.000121879,0.000969034,0.000257397,-5.97075e-07
-1.39071e-05,-2.78564e-06,-1.13324e-06,4.82609e-08,-5.62716e-06,2.32915e-08,-9.84179e-09,5.13069e-08,-2.7959e-07,-2.41332e-05,-3.45002e-06,-5.97075e-07,6.93458e-08

9.99623,0.486551,0.6,0.00228783,0.307131,0.0116489,0.00471917,0.00900297,0.0149065,0.236535,0.1431,0.886672,0.000655845,
time: 18170 seconds.
