#include "orpp/csv.hpp"
#include "Eigen/Dense"
#include "estimableseirfilter.hpp"
#include "hsingleseir.hpp"
#include "hfourseir.hpp"
#include "complexest.hpp"
#include "functions.hpp"
#include <memory>

struct program
{
    string input;
    string vac;
    string name;
    evaccmodellingmethod vaccmethod;
    vector<seirparaminit> params;

    unsigned estoffset;

    bool computeinitparam;

    bool estimate;
    double etime=100;
    unsigned offset;

    bool estimatevars;
    double evtime=100;
    double regularizationweight;

    bool output;    
    unsigned predictionlength;
    unsigned diflength;

    bool compositeforecast;
    unsigned forecastdate=0;
    unsigned numweeks = 3;
    double volatility = 0.03;

    vector<double> x0;
    vector<double> v0;
};

program g =
{
    "epi.csv",//    string input;
    "1104.csv",  // vac
    "single", // string name;
    evmS,
    // vector<seirparaminit> params;
    {
        {"paqshift",5.87943,0,14,false},// (4.08239)
        {"v",26,0,2000,true},// (724.567)
        {"ce",21.6269,0,200000,true},// (543.667)
        {"cd",31602.6,0,200000,true},// (1.86633e+08)
        {"cu",16809,0,200000,true},// (1.14092e+07)
        {"ch",24.6127,0,1e+10,true},// (1649.43)
        {"rcoef",2.18703e-20,0,100,true},// (0.000513292)
        {"hcoef",5.4374e-23,0,100,true},// (4.57028e-05)
        {"gcoef",8.03323e-05,0,100,true},// (0.00267183)
        {"dcoef",2.48655e-17,0,100,true},// (0.000238227)
        {"omega",7.92673,0,10,false},// (11.262)
        {"omega2",0.234601,0,10,false},// (0.786288)
        {"pi",1,0,5,true},// (1.35197)
        {"thetacoef",0.00466988,0,0.3,true},// (0.147267)
        {"eta0",0.114667,0,0.6,true},// (0.17508)
        {"theta0",0.011538,0,0.3,false},// (0.0384863)
        {"hybrigiteffect",0.772248,0,2,false},// (1.4952)
        {"hobrigiteffect",0.193242,0,2,false},// (0.907416)
        {"brigiteffect",1.98426,0,3,false},// (3.02645)
        {"cycleeffect",0.101086,0,0.5,false},// (7455.88)
        {"firstdosered",0.3,0,1,true},// (7455.88)
        {"secdosered",0.1,0,1,true},// (7455.88)
        {"sigma",0.1787,0,1,true},// (0.271969)
        {"varsigma",0.2212,0,1,true},// (0.622962)
        {"ufactor",1,0,1,true},// (2.63365)
        {"vfactor",1,0,1,true},// (14.2315)
        {"gammas",0.0724328,0,1,true},// (0.0783473)
        {"gammaa",0.08,0,1,true},// (0.744205)
        {"musfactor",1,0,1,true},// (107245)
        {"betafactor0",3.85504,0,6,false},// (26099.9)
        {"iotas0",0.000104482,0,1,false},// (0.000132582)
        {"gammah0",0.235608,0,1,false},// (0.461065)
        {"muh0",2.78654e-06,0,1,false},// (0.000590862)
        {"muso0",1.27199e-06,0,1,false},// (0.13635)
        {"betafactor20",4.19767,0,6,false},// (28419.5)
        {"iotas20",0.000771637,0,1,false},// (0.00122666)
        {"gammah20",0.114213,0,1,false},// (0.116276)
        {"muh20",0.0084612,0,1,false},// (0.00396116)
        {"mus20",6.193e-06,0,1,false},// (0.664158)
        {"betafactor65",4.39945,0,10,false},// (29785.8)
        {"iotas65",0.0096326,0,1,false},// (0.0175594)
        {"gammah65",0.0752713,0,1,false},// (0.0753147)
        {"muh65",0.0220207,0,1,false},// (0.0138553)
        {"mus65",0.000247169,0,1,false},// (26.5071)
        {"betafactor80",7.49631,0,20,false},// (50752.4)
        {"iotas80",0.0234555,0,1,false},// (0.0474479)
        {"gammah80",0.0615701,0,1,false},// (0.0381418)
        {"muh80",0.03504,0,1,false},// (0.0181852)
        {"mus80",0.00162751,0,1,false},// (174.539)
    },

    00, //60, // 25,  // estoffset

    false, //  bool computeinitparam;

    false, // bool estimate;
    35*60,     // double etime=100;
    180,   // unsigned offset;

    false, // bool estimatevars;
    35*60,      // double evtime=100;
    10000.0, // double regularizationweight;

    true,        // bool output;
    70,         // unsigned predictionlength;
    7,           // predlength

    false, // bool compositeforecast;
    211+7-1,    //unsigned forecastdate=0;
    2, // unsigned numweeks = 3;
    0.03, // double volatility = 0.03;


    //vector<double> x0;
    //vector<double> v0;

    {2644.18,412.238,1204.63,356.635,234.835,12463.5,371.785,169.587,326.644,692.732,5830.84,42.4244,76.4214,8.95501,24.1417,1605.6,10008.5,115.469,971.096,69.3618,314.57},
    {145737,5386.64,29847.7,10697.7,9090.22,20328.1,-1279.67,155.122,-18.031,-213.387,152.41,-9.63365,-8.33323,-1.89444,-3.01038,218.898,-21.1648,-6.12671,9.0092,4.54275,3.17576,5386.64,14300,2440.45,688.21,943.062,8732.2,-384.526,929.244,-685.802,-574.311,358.04,-10.3214,-3.96213,-0.651017,-1.42502,4.40208,-5.86783,8.9424,3.99517,0.820117,1.43126,29847.7,2440.45,56376.9,4723.92,3421.45,8214.37,44.9233,-44.2821,75.2061,-22.9505,24.74,-3.63612,-3.35387,-0.743668,-1.21049,90.2935,-8.05926,-1.35979,3.66465,1.76728,1.29632,10697.7,688.21,4723.92,8811.45,791.916,1983.59,126.319,-27.3683,31.6959,4.62933,-0.696365,-0.191505,-0.779492,-0.168789,-0.285106,52.0739,-4.37452,-7.83574,1.03009,0.404774,0.350028,9090.22,943.062,3421.45,791.916,3801.89,4350.89,466.08,41.65,-24.7804,-20.9645,17.3383,-3.04005,-1.92397,-0.505732,-0.69204,1.72512,-0.560757,7.89403,2.02796,1.52285,0.726852,20328.1,8732.2,8214.37,1983.59,4350.89,2.94535e+06,491.506,2802.12,-1438.52,-4062.04,34229.8,-210.735,-22378.7,-876.302,-8042.25,-176.935,-31287.6,205.741,22378.7,875.96,8042.26,-1279.67,-384.526,44.9233,126.319,466.08,491.506,9488.4,44.626,-9.10054,18.6083,-15.6339,0.55376,-0.102373,-0.0811036,-0.0373297,5.16503,-0.189354,-1.11326,0.105621,0.247581,0.0358727,155.122,929.244,-44.2821,-27.3683,41.65,2802.12,44.626,865.011,-542.133,-619.61,328.114,-14.2044,-6.29567,-0.653313,-2.26248,-14.1938,-8.9426,13.5057,6.28583,0.46871,2.25888,-18.031,-685.802,75.2061,31.6959,-24.7804,-1438.52,-9.10054,-542.133,591.475,207.787,-219.219,3.78368,1.25949,0.171805,0.45261,4.40231,1.74503,-3.64614,-1.25502,-0.12741,-0.451069,-213.387,-574.311,-22.9505,4.62933,-20.9645,-4062.04,18.6083,-619.61,207.787,1270.79,-897.742,19.6669,13.0111,1.04213,4.67568,19.1259,18.4074,-18.8602,-12.999,-0.801158,-4.67188,152.41,358.04,24.74,-0.696365,17.3383,34229.8,-15.6339,328.114,-219.219,-897.742,1641.43,-46.2119,-576.147,-22.6915,-207.05,-45.1145,-804.997,44.7236,576.118,22.2155,207.042,-9.63365,-10.3214,-3.63612,-0.191505,-3.04005,-210.735,0.55376,-14.2044,3.78368,19.6669,-46.2119,42.9229,-4.55349,0.0661912,-1.48483,18.9353,16.6019,-36.7683,0.397363,-0.0476272,0.786642,-8.33323,-3.96213,-3.35387,-0.779492,-1.92397,-22378.7,-0.102373,-6.29567,1.25949,13.0111,-576.147,-4.55349,454.368,11.5765,106.772,12.0397,556.116,0.353396,-448.505,-11.5604,-108.454,-1.89444,-0.651017,-0.743668,-0.168789,-0.505732,-876.302,-0.0811036,-0.653313,0.171805,1.04213,-22.6915,0.0661912,11.5765,6.32586,4.16024,0.598555,21.1866,-0.0635091,-11.5763,-5.98877,-4.16022,-3.01038,-1.42502,-1.21049,-0.285106,-0.69204,-8042.25,-0.0373297,-2.26248,0.45261,4.67568,-207.05,-1.48483,106.772,4.16024,94.7335,4.32259,199.866,0.764893,-108.455,-4.15447,-92.3468,218.898,4.40208,90.2935,52.0739,1.72512,-176.935,5.16503,-14.1938,4.40231,19.1259,-45.1145,18.9353,12.0397,0.598555,4.32259,837.006,-660.546,-65.1942,-12.2126,-1.67776,-4.40863,-21.1648,-5.86783,-8.05926,-4.37452,-0.560757,-31287.6,-0.189354,-8.9426,1.74503,18.4074,-804.997,16.6019,556.116,21.1866,199.866,-660.546,1457.8,-18.6669,-556.478,-21.8157,-199.923,-6.12671,8.9424,-1.35979,-7.83574,7.89403,205.741,-1.11326,13.5057,-3.64614,-18.8602,44.7236,-36.7683,0.353396,-0.0635091,0.764893,-65.1942,-18.6669,106.484,-17.7269,0.0359691,-3.58444,9.0092,3.99517,3.66465,1.03009,2.02796,22378.7,0.105621,6.28583,-1.25502,-12.999,576.118,0.397363,-448.505,-11.5763,-108.455,-12.2126,-556.478,-17.7269,473.608,11.5601,101.223,4.54275,0.820117,1.76728,0.404774,1.52285,875.96,0.247581,0.46871,-0.12741,-0.801158,22.2155,-0.0476272,-11.5604,-5.98877,-4.15447,-1.67776,-21.8157,0.0359691,11.5601,7.7685,4.15439,3.17576,1.43126,1.29632,0.350028,0.726852,8042.26,0.0358727,2.25888,-0.451069,-4.67188,207.042,0.786642,-108.454,-4.16022,-92.3468,-4.40863,-199.923,-3.58444,101.223,4.15439,102.531,},
};



vector<seirparaminit> newplain =
{
    {"paqshift",6.37515,0,14,true},// (4.3591)
    {"v",26,0,2000,true},// (707.7)
    {"ce",21.6269,0,200000,true},// (523.68)
    {"cd",31602.6,0,200000,true},// (1.15047e+08)
    {"cu",16809,0,200000,true},// (4.80523e+06)
    {"ch",24.6127,0,1e+10,true},// (1673.5)
    {"rcoef",2.18703e-20,0,100,true},// (0.000464573)
    {"hcoef",5.4374e-23,0,100,true},// (4.40748e-05)
    {"gcoef",8.03323e-05,0,100,true},// (0.00263866)
    {"dcoef",2.48655e-17,0,100,true},// (0.000203241)
    {"omega",8.11712,0,10,true},// (10.2939)
    {"omega2",0.285184,0,10,true},// (0.669781)
    {"pi",1,0,5,true},// (1.12149)
    {"thetacoef",0.00466988,0,0.3,true},// (0.118794)
    {"eta0",0.114667,0,0.6,true},// (0.159462)
    {"theta0",0.0151796,0,0.3,true},// (0.0319178)
    {"hybrigiteffect",0.827221,0,2,false},// (1.46305)
    {"hobrigiteffect",0.123896,0,2,false},// (0.995697)
    {"brigiteffect",2.31437,0,3,true},// (3.21386)
    {"cycleeffect",0.110679,0,0.5,true},// (8105.12)
    {"firstdosered",0.3,0,1,true},// (7455.88)
    {"secdosered",0.1,0,1,true},// (7455.88)
    {"sigma",0.1787,0,1,true},// (0.25785)
    {"varsigma",0.2212,0,1,true},// (0.704335)
    {"ufactor",1,0,1,true},// (2.48543)
    {"vfactor",1,0,1,true},// (11.1113)
    {"gammas",0.0724328,0,1,true},// (0.0568855)
    {"gammaa",0.08,0,1,true},// (0.558512)
    {"musfactor",1,0,1,true},// (101994)
    {"betafactor0",3.9208,0,6,true},// (28606)
    {"iotas0",0.000100319,0,1,false},// (0.000131056)
    {"gammah0",0.236971,0,1,false},// (0.468497)
    {"muh0",7.80192e-06,0,1,false},// (0.00234264)
    {"muso0",8.03665e-07,0,1,true},// (0.0819052)
    {"betafactor20",4.39659,0,6,true},// (32077.1)
    {"iotas20",0.000727031,0,1,false},// (0.00112932)
    {"gammah20",0.114422,0,1,false},// (0.115915)
    {"muh20",0.00847768,0,1,false},// (0.00390027)
    {"mus20",5.60736e-06,0,1,true},// (0.571916)
    {"betafactor65",4.29251,0,10,true},// (31318.2)
    {"iotas65",0.0097146,0,1,false},// (0.0158523)
    {"gammah65",0.0751786,0,1,false},// (0.0756831)
    {"muh65",0.0217955,0,1,false},// (0.0122429)
    {"mus65",0.000309967,0,1,true},// (31.6147)
    {"betafactor80",7.19713,0,20,true},// (52510)
    {"iotas80",0.0240735,0,1,false},// (0.0489235)
    {"gammah80",0.0616411,0,1,false},// (0.0403419)
    {"muh80",0.0348873,0,1,false},// (0.020594)
    {"mus80",0.0018117,0,1,true},// (184.781)
};


program g4 =
{
    "epi.csv",  //    string input;
    "1104.csv",  // vac
    "cohort", // string name;
    evmS,
    // vector<seirparaminit> params;
    newplain,

    0, //15, // estoffset

    false, //  bool computeinitparam;

    false, // bool estimate;
    10*60, //30*60,     // double etime=100;
    180,   // unsigned offset;

    false, // bool estimatevars;
    2*60*60,    // double evtime=100;
    200000.0, // double regularizationweight;

    true,        // bool output;
    80,         // unsigned predictionlength;
    7,           // diflength

    false, // bool compositeforecast;
    211+7+7+7+7-1,    //unsigned forecastdate=0;
    3, // unsigned numweeks = 3;
    0.15, // double volatility = 0.03;

    {2710.88,76.919,1077.64,194.083,1048.95,8088.65,104.653,3.5693,67.9612,289.733,1223.73,0.213581,3.77158,0.00151838,-0.00209179,325.822,587.716,2.00965,28.2812,0.0201617,-0.0195883,11784.6,323.819,4300.07,858.801,2525.74,39358,396.701,13.1168,255.206,1040.38,3481.27,2.06169,-2.76325,0.0950542,-0.653487,2253.8,7574.74,38.6749,739.109,7.87883,27.6796,1582.31,44.2255,583.993,95.2812,599.41,8343.5,67.4882,2.34562,43.0555,127.072,1382.04,3.82531,-37.278,0.873405,-6.42115,137.985,190.687,17.3395,28.601,13.7172,149.831,445.309,12.3629,152.182,21.292,113.348,2742.95,21.7122,0.713621,12.2166,24.9262,-202.185,8.85909,-168.247,-12.9671,-94.4979,20.0318,32.132,81.5953,1026.01,66.3404,263.125},
    {
    785269,12933.3,255571,42273.2,363263,312162,-701.05,-118.302,-8687.74,-12414.5,-11822,-7.98577,-90.0138,-0.0202204,-0.578213,23170.4,8978.96,147.732,843.396,0.271006,0.327427,1.43834e+06,37737.6,506886,51016.2,280948,40152.1,27858.3,781.762,8330.43,13056.9,7647.79,22.4235,7.24644,0.663783,3.4217,-20949.8,-7974.26,-162.364,-760.151,-0.631771,-3.45371,180969,4794.16,53425.7,4001.14,11980.3,8860.78,3956.84,104.228,428.914,1240.85,1131.42,28.9066,37.2627,3.27237,17.3453,-1967.8,-941.631,-23.8224,-38.3145,-12.4621,-8.15557,56889.6,1492.95,14604.9,943.104,2896.77,4467.83,1236.87,26.1476,74.9726,90.7501,77.2246,16.3353,4.97145,5.30236,2.58852,-218.417,-45.7623,-22.2315,-3.99138,3.00378,-10.8947,12933.3,10946.2,6918.76,1210.47,10726.6,9484.37,-55.0921,-3.93347,-268.27,-392.364,-368.798,-0.252905,-2.81992,-0.000620433,-0.0180523,723.233,282.499,4.5038,26.201,0.00842626,0.0102464,36873,972.375,12505.7,1197.31,6268.71,13.6392,769.181,22.0396,256.327,407.1,260.487,0.705432,0.243739,0.0229946,0.108233,-662.69,-255.637,-4.96521,-23.6102,-0.0250774,-0.10615,4742.67,126.447,1409.93,104.782,304.398,217.856,105.402,2.79428,12.1277,33.8085,30.3285,0.780551,0.988414,0.0878451,0.457503,-53.8521,-25.2168,-0.766068,-0.992963,-0.336487,-0.208861,1527.81,40.4557,398.348,26.006,80.5537,125.388,33.5056,0.707427,1.94219,2.42673,2.15603,0.450515,0.145207,0.145401,0.0755306,-5.9436,-1.25507,-0.486444,-0.142984,0.07947,-0.300401,255571,6918.76,216733,20575.3,170961,146681,-831.39,-100.692,-4385.72,-6441.46,-6208.54,-4.17681,-46.4461,-0.009879,-0.295779,12003.9,4679.24,75.5915,428.256,0.134681,0.170977,431375,11006.8,128021,9352.21,34064.9,-30865.9,10626.1,325.683,4225.97,6596.2,4906.55,11.8274,4.28494,0.435177,1.80712,-11246.5,-4354.64,-83.4953,-385.838,-0.556555,-1.68574,59789.5,1552.44,16927.6,1208.56,3198.09,2094.69,1301.94,34.4575,160.112,423.836,367.8,9.65377,11.7447,1.07239,5.35605,-678.155,-305.816,-12.5181,-11.1146,-4.14188,-2.28656,20920.4,541.624,5278.56,342.34,1072.04,1701.43,442.462,9.21332,22.4029,29.2712,28.7409,5.83465,2.1166,1.86337,1.10012,-75.4627,-16.0919,-3.23833,-2.78664,0.898175,-3.86166,42273.2,1210.47,20575.3,11078.2,26701,22531.4,-1166.64,-61.8545,-1861.51,-1903.39,-1457.63,-1.13683,-8.79853,-0.00173284,-0.0519433,4142.32,1077.07,6.72593,68.2046,0.0226267,0.0310495,25892.6,583.947,3578.47,-1616.53,-9376.24,-12076.4,2229.55,84.7425,1798.91,1872.18,1377.92,2.53746,0.986201,0.095096,0.320727,-4025.24,-1043.48,-8.18415,-60.3596,-0.140891,-0.274931,5123.07,129.641,1316.62,54.6622,67.6182,-11.5472,136.458,4.02635,40.8006,55.945,40.4389,1.1529,1.03732,0.103422,0.430224,-108.365,-32.1604,-2.34026,-0.535254,-0.417094,-0.116552,2292.08,59.9019,582.878,36.8383,120.825,199.136,49.5604,1.05737,3.01482,3.32639,3.76874,0.87094,0.333214,0.213143,0.175021,-9.84187,-1.9554,0.268205,-0.842404,0.045191,-0.433355,363263,10726.6,170961,26701,293801,246154,630.006,-83.1086,-6004.26,-9063.88,-8940.02,-5.92786,-72.3471,-0.0148214,-0.481528,16372.3,6933.56,134.708,729.023,0.238569,0.25778,41383.1,83.0244,-32176,-12613.1,-158970,-189502,6454.77,251.005,5677.96,8845.08,8809.32,18.3964,6.7194,0.893903,3.04895,-15985.2,-6812.41,-147.9,-662.947,-1.39194,-2.55092,26462.8,662.631,6391.91,288.781,-929.8,-1925.2,623.267,17.3582,121.929,211.896,146.657,4.30751,3.98239,0.518201,1.56125,-363.217,-118.764,-22.2349,-1.91578,-2.3269,0.247449,15418.2,412.696,4139.56,287.006,961.476,1660.02,324.356,6.45692,1.43625,9.37643,23.509,3.60365,2.46897,1.29562,1.25784,-46.2236,-10.2117,14.1979,-4.6139,0.308964,-2.86242,312162,9484.37,146681,22531.4,246154,9.00092e+06,1378.13,49.4295,-5812.38,-13248.7,-37836.1,-9.06655,-1790.82,-0.314704,-8.36268,16678.3,29760.8,115.745,12092.8,2.91775,5.75963,-145530,-4977.02,-91622.5,-17532.3,-202149,-394763,2045.58,118.174,5110.91,11050,42929.7,24.171,-29.3867,2.02278,1.03777,-16516.6,-32283.3,-131.561,-10272.2,-4.9517,1.89114,5957.4,133.002,932.772,-47.7381,-1959.14,374108,174.172,5.37378,74.5295,182.624,-170.368,4.69139,-335.948,-11.0513,-152.002,-250.512,-419.942,-37.616,947.167,22.906,140.147,9129.1,253.367,2702.54,215.344,883.581,147917,179.399,3.0297,-21.3183,-22.3323,674.589,-10.9817,-483.342,-38.9471,-248.821,-17.3197,-38.474,44.1381,-127.989,27.2127,260.555,-701.05,-55.0921,-831.39,-1166.64,630.006,1378.13,9881,170.838,830.978,715.241,619.46,0.41119,1.27007,0.00020802,0.00596619,-2020.92,-286.665,-22.2518,-8.3655,0.000686423,-0.00686063,36318.8,1007.95,14434.7,2700.26,12330.2,5717.77,-520.747,-30.6802,-1050.9,-752.822,-520.228,-0.776438,0.0572735,-0.0200114,-0.0287657,2022.96,302.712,22.6803,6.99659,0.0408073,0.00796981,3742.51,102.272,1215.81,123.928,390.495,298.903,60.7189,1.24074,-14.5383,10.0242,16.1586,0.34329,0.751623,0.0611949,0.380854,1.74145,-14.8219,0.2154,-1.11511,-0.22191,-0.220139,883.348,23.2453,232.193,16.453,47.2121,69.3153,18.446,0.361096,0.348856,1.14696,0.770355,0.0507563,0.0106263,0.0773156,0.0036537,-1.88034,-0.559076,-0.602485,0.353249,0.0907508,-0.17172,-118.302,-3.93347,-100.692,-61.8545,-83.1086,49.4295,170.838,19.9404,25.7226,31.7798,27.3026,0.0186147,0.0760123,1.37779e-05,0.000398893,-89.2137,-13.8749,-1.19641,-0.555104,-5.81533e-05,-0.000354518,1083.46,30.5332,451.789,96.2043,430.093,226.694,-29.9546,-1.53301,-46.8926,-33.1317,-23.0355,-0.036237,-0.000656436,-0.00100715,-0.00213548,88.678,14.2571,1.21652,0.478085,0.00187857,0.00126406,102.133,2.81448,34.6091,3.95377,12.6362,9.77838,1.34721,0.0199442,-0.733697,0.0860753,0.351543,0.00604953,0.0203569,0.00158447,0.010727,0.617941,-0.349151,0.0157788,-0.0348412,-0.00552255,-0.0067889,19.9675,0.519326,5.30663,0.403046,1.10053,1.54152,0.399007,0.00712459,-0.00835104,0.0232105,0.0101854,-0.00243735,-0.000966069,0.00166847,-0.000580015,-0.0150345,-0.0103919,-0.0188272,0.0154875,0.00287058,-0.00395903,-8687.74,-268.27,-4385.72,-1861.51,-6004.26,-5812.38,830.978,25.7226,1500.48,1566.49,810.253,0.960224,5.15915,0.000973607,0.0268787,-3129.81,-719.286,-27.4205,-32.55,-0.00585933,-0.021993,13269.6,396.33,6301.37,1944.31,7802.57,6040.38,-1062.83,-47.0383,-1370.82,-1479.34,-947.116,-1.82452,-0.378763,-0.0491999,-0.152024,3078.68,711.767,28.3465,27.7256,0.0718596,0.129364,792.888,22.7589,300.518,54.6905,188.574,160.569,-7.79803,-0.614848,-25.7755,-22.0585,-10.0796,-0.373538,-0.0672553,-0.00840768,0.0103444,50.7325,7.47181,1.10535,-0.340341,0.040021,-0.0419578,-44.6342,-1.61317,-21.0251,-1.07048,-8.95767,-18.5551,-2.13811,-0.068385,-0.849442,-0.894678,-0.991521,-0.377237,-0.124407,-0.0357715,-0.0661778,2.55271,0.555054,-0.336406,0.534313,0.0246407,0.0773086,-12414.5,-392.364,-6441.46,-1903.39,-9063.88,-13248.7,715.241,31.7798,1566.49,6566.01,5722.42,4.41983,65.7474,0.0100125,0.276638,-7790.51,-5975.89,-9.69597,-180.776,-0.0145153,-0.272135,25752.8,767.485,11549.7,2511.42,13516.9,14813,-626.338,-30.2005,-1492.09,-5999.77,-6179.15,-10.6986,-15.9164,-0.440211,-2.15475,7682.15,5898.72,16.0281,130.917,0.469329,2.12563,1755.53,49.4861,637.456,85.8512,410.111,406.324,13.1529,-0.00883529,-30.176,-92.9552,-85.5334,-2.43999,-3.69634,-0.15743,-1.44383,123.057,84.2405,4.77094,2.74117,0.319895,1.28137,86.5568,1.58808,5.5513,-0.545139,-12.9979,-35.1664,2.14106,0.0725626,0.643067,-2.59349,-4.98245,-1.62,-1.09082,-0.186476,-0.57078,4.20954,4.01627,-0.707317,2.05264,0.0343101,0.722946,-11822,-368.798,-6208.54,-1457.63,-8940.02,-37836.1,619.46,27.3026,810.253,5722.42,61404.6,4.17269,796.322,0.108516,3.0712,-7031.81,-59361.7,-10.3546,-2361.24,-0.0968329,-3.08288,20403.9,613.138,9441.42,1828.8,12042.3,71203.1,-285.41,-16.0022,-878.756,-6042.01,-60459.3,-13.4996,-305.459,-5.0433,-34.8356,6953.99,58871,19.7255,1870.36,5.05198,34.8269,1274.67,36.2622,481.4,64.5795,391.439,2410.66,10.5831,0.0190418,-19.8827,-91.2262,-746.444,-2.9579,-60.0136,-1.78652,-24.5063,108.449,756.813,5.43491,49.809,2.10533,24.1875,-11.231,-0.895609,-16.4117,-1.90393,-15.1056,-49.8129,0.35659,0.0354584,1.04662,-1.34206,-34.1176,-1.9225,-18.8281,-1.63935,-9.78841,3.00973,23.6289,-0.550414,29.04,1.33189,10.0959,-7.98577,-0.252905,-4.17681,-1.13683,-5.92786,-9.06655,0.41119,0.0186147,0.960224,4.41983,4.17269,0.212416,0.0471997,7.37602e-06,0.000198332,-5.29657,-4.37488,-0.0311308,-0.128386,-1.00946e-05,-0.000195613,17.2567,0.513766,7.76685,1.6486,8.85619,10.1671,-0.309607,-0.0160696,-0.913376,-4.22814,-4.48866,-0.00809358,-0.011903,-0.000323348,-0.00159076,5.42683,4.31947,-0.173108,0.0930427,0.000362938,0.00155117,1.19804,0.0337355,0.434266,0.0584752,0.283161,0.282343,0.00884843,-4.85046e-05,-0.021054,-0.0658525,-0.0629404,-0.0017838,-0.00278118,-0.000117734,-0.00109332,0.0866885,0.0622135,0.00342976,0.00212862,0.0002404,0.000970659,0.0720967,0.00146595,0.00771023,-0.000163855,-0.00824149,-0.0236551,0.00182373,5.07735e-05,0.000440401,-0.00174467,-0.00357754,-0.00116609,-0.000803112,-0.00013536,-0.000420123,0.00289321,0.0029224,-0.000475687,0.00146032,2.15165e-05,0.000533967,-90.0138,-2.81992,-46.4461,-8.79853,-72.3471,-1790.82,1.27007,0.0760123,5.15915,65.7474,796.322,0.0471997,29.7481,0.0020641,0.0686196,-65.6964,-791.153,-0.0975375,-40.1532,-0.00176664,-0.0689171,169.588,5.08351,77.3974,12.963,97.8844,442.535,-0.091777,-0.0421283,-4.97498,-63.2925,-808.845,-0.144017,-4.27082,-0.0692541,-0.476591,68.6161,798.083,0.194125,14.6763,0.0690967,0.476749,10.9653,0.309583,4.03192,0.490504,3.41864,-54.4002,0.133235,0.0018932,-0.126892,-0.96979,-8.30692,-0.0343243,-1.28544,-0.034894,-0.498245,1.04381,9.94553,0.0601255,-0.32799,0.0247717,0.508368,0.224246,0.00128998,-0.0508827,-0.0131253,-0.13479,-21.7817,0.0150135,0.000657618,0.0142289,-0.0130943,-1.95803,-0.039824,-1.12372,-0.0930663,-0.588006,0.0224239,0.346156,0.0139818,2.73722,0.103222,0.57785,-0.0202204,-0.000620433,-0.009879,-0.00173284,-0.0148214,-0.314704,0.00020802,1.37779e-05,0.000973607,0.0100125,0.108516,7.37602e-06,0.0020641,0.00184493,-0.000127443,-0.00904004,-0.10194,-2.02514e-05,-0.0105875,-5.1157e-05,-0.00166633,0.0113845,0.000383897,0.00731611,0.00158738,0.011978,0.148856,-0.00045309,-2.03444e-05,-0.000919813,-0.00966341,-0.109955,-3.80362e-05,-0.000587651,-7.93743e-05,-4.74188e-05,0.00934362,0.102668,6.18797e-05,0.00911072,-0.00170374,0.00183053,-9.76736e-05,-8.43765e-08,6.95038e-05,2.92065e-05,0.000406999,-0.0042658,-1.66641e-05,-6.56206e-07,-2.18016e-05,-0.000156936,-0.00116747,-5.39653e-06,-0.000160877,-4.55363e-06,-6.35161e-05,0.000173591,0.00133784,9.60735e-06,-7.89899e-06,5.24625e-06,6.28235e-05,-0.00052291,-1.44935e-05,-0.000154058,-1.19575e-05,-5.3813e-05,-0.003349,-9.47733e-06,-1.37621e-07,1.90483e-06,-1.36011e-06,-0.000213582,-4.06727e-06,-0.00012215,-1.01401e-05,-6.34167e-05,5.25403e-06,4.33454e-05,-1.45952e-07,0.000290939,9.45804e-06,6.40987e-05,-0.578213,-0.0180523,-0.295779,-0.0519433,-0.481528,-8.36268,0.00596619,0.000398893,0.0268787,0.276638,3.0712,0.000198332,0.0686196,-0.000127443,0.0403382,-0.249498,-2.92337,-0.000608873,-0.270452,-0.00104239,-0.0391684,1.09324,0.0326563,0.495284,0.0777845,0.651416,4.02811,0.00137134,-0.000192821,-0.0260743,-0.268445,-3.1157,-0.000923682,-0.0152249,-0.000214201,-0.00199042,0.260112,2.94807,0.00133769,0.217048,0.00137796,0.000826656,0.0704124,0.00198351,0.025585,0.0029447,0.0197394,-0.167926,0.00100694,1.81401e-05,-0.000570618,-0.00367716,-0.0305652,-0.000129616,-0.00472437,-0.000128299,-0.00183411,0.00392845,0.0366661,0.00027031,-0.00121599,8.18858e-05,0.00188053,0.00142225,7.61515e-06,-0.000332636,-8.73864e-05,-0.000813981,-0.0943591,8.95668e-05,3.89057e-06,8.8526e-05,-6.27993e-07,-0.00722043,-0.000131628,-0.00405215,-0.000334585,-0.00211658,6.50127e-05,0.00126385,-9.3606e-06,0.00999292,0.00038111,0.00207006,23170.4,723.233,12003.9,4142.32,16372.3,16678.3,-2020.92,-89.2137,-3129.81,-7790.51,-7031.81,-5.29657,-65.6964,-0.00904004,-0.249498,11448.8,6569.48,7.08069,87.0146,0.0300928,0.228445,-40991.9,-1224.72,-18915.3,-4792.1,-22847.3,-21424.7,1835.21,83.4886,3034.13,7563.99,7105.22,11.6226,17.2785,0.483705,2.04221,-11152.3,-6611.36,-13.4726,-38.5761,-0.55016,-1.97576,-2628.65,-74.7908,-981.618,-150.392,-641.635,-620.54,-2.8094,0.758966,60.2294,116.643,94.5896,2.80617,3.60086,0.159905,1.35289,-180.252,-90.2139,-5.92983,-2.232,-0.343936,-1.16886,-4.97065,1.07598,25.7691,2.05876,23.0844,43.7346,1.08145,0.0245292,0.44769,3.69036,5.95639,2.0614,1.17465,0.224038,0.616896,-7.23623,-4.60053,1.0345,-2.55276,-0.077015,-0.76392,8978.96,282.499,4679.24,1077.07,6933.56,29760.8,-286.665,-13.8749,-719.286,-5975.89,-59361.7,-4.37488,-791.153,-0.10194,-2.92337,6569.48,59390.5,7.95039,898.341,0.15235,2.87296,-17883.9,-534.238,-8090.71,-1483.27,-9903.52,-57103.2,152.89,10.0627,700.831,5867.51,58929.2,12.9936,300.775,4.9318,33.831,-6628.16,-58768.6,-16.5984,-407.951,-4.99869,-33.7641,-1193.47,-33.6291,-435.461,-54.8151,-337.711,-2168.23,-12.6556,-0.134075,16.0337,89.3275,748.6,2.95311,59.9649,1.78685,24.4977,-102.539,-758.65,-5.24819,-50.3084,-2.21025,-24.0743,-44.8531,-0.696903,-0.0117975,0.900651,11.751,-32.7579,-1.75311,-0.0670109,-1.16234,1.27123,33.5047,1.92283,19.0739,1.65789,9.94944,-2.57675,-23.6026,0.373043,-28.7371,-1.24028,-10.3671,147.732,4.5038,75.5915,6.72593,134.708,115.745,-22.2518,-1.19641,-27.4205,-9.69597,-10.3546,-0.0311308,-0.0975375,-2.02514e-05,-0.000608873,7.08069,7.95039,32.5608,1.20431,3.8999e-05,0.000590126,-243.454,-7.20006,-111.451,-16.4964,-167.614,-141.335,17.56,0.963685,27.6199,9.34731,10.8875,-0.00921956,-0.00449749,0.000797825,0.00336885,-7.16489,-8.01721,-32.5265,-1.09601,-0.000672034,-0.00349464,-14.632,-0.415101,-5.25945,-0.538383,-2.66841,-2.81123,-0.27298,-0.00621951,0.0346286,-0.00128366,-0.0317816,-0.000203238,-0.000875849,-0.000104683,-0.000901868,-0.00295822,0.0171425,-0.0127263,0.00427736,0.00052378,0.000482772,0.429381,0.0172097,0.251994,0.0306899,0.15873,0.364157,0.00320214,-0.000171762,-0.0106908,-0.00542892,0.00727269,0.00115649,0.00162414,0.000102197,0.000848024,0.00194487,-0.00247267,0.0118319,-0.00506591,-0.00050277,-0.00044745,843.396,26.201,428.256,68.2046,729.023,12092.8,-8.3655,-0.555104,-32.55,-180.776,-2361.24,-0.128386,-40.1532,-0.0105875,-0.270452,87.0146,898.341,1.20431,1628.84,-0.0634393,0.344479,-1577.46,-46.924,-711.992,-103.482,-980.105,-14066.7,-0.730847,0.31711,31.8658,180.925,2376.66,1.6041,7.98833,0.186992,1.7461,-89.8841,-910.118,-2.74001,-1596.62,-0.114981,-1.81811,-100.63,-2.82994,-36.1109,-3.87869,-24.4485,-141.632,-1.68925,-0.0358193,0.418105,1.22041,6.91659,0.0424096,1.48017,0.0391295,0.578738,-1.19227,-9.33678,-0.199792,0.68696,0.0689352,-0.686803,-1.56104,0.0023278,0.612692,0.139697,1.10966,112.457,-0.106934,-0.00481541,-0.121225,-0.134296,2.57466,-0.0222353,0.918607,0.0711055,0.44719,0.0287713,-0.333354,0.180087,-3.0862,-0.179163,-0.339133,0.271006,0.00842626,0.134681,0.0226267,0.238569,2.91775,0.000686423,-5.81533e-05,-0.00585933,-0.0145153,-0.0968329,-1.00946e-05,-0.00176664,-5.1157e-05,-0.00104239,0.0300928,0.15235,3.8999e-05,-0.0634393,0.0259772,-0.0248836,-0.525175,-0.0156112,-0.231294,-0.0344283,-0.325968,-5.30553,-0.00468197,-5.8096e-05,0.00577659,0.0144897,0.0995079,-0.000114713,0.000513067,-0.000480897,0.000227867,-0.030491,-0.154521,0.000207399,0.06469,-0.0253265,0.0255795,-0.0338315,-0.000950253,-0.0121415,-0.00130028,-0.00724693,-0.0735806,-0.000576471,-1.23537e-05,0.000119883,7.11561e-05,-0.000615219,1.64403e-06,0.000138593,1.26228e-06,4.5721e-05,-8.38816e-05,0.000137646,-4.34583e-05,0.000285991,9.03511e-05,-0.000137334,-0.000843245,-8.00694e-06,0.000108205,3.85455e-05,0.000306296,0.0280847,-3.69327e-05,-1.48307e-06,-3.38526e-05,-3.30619e-05,0.000502007,-3.48258e-06,6.12616e-05,4.18737e-06,2.82888e-05,1.50087e-05,-6.58743e-05,4.54449e-05,-0.000485968,-9.57753e-05,6.32991e-05,0.327427,0.0102464,0.170977,0.0310495,0.25778,5.75963,-0.00686063,-0.000354518,-0.021993,-0.272135,-3.08288,-0.000195613,-0.0689171,-0.00166633,-0.0391684,0.228445,2.87296,0.000590126,0.344479,-0.0248836,0.0657183,-0.579452,-0.0174289,-0.271306,-0.0449435,-0.337426,1.12856,0.00376372,0.000271262,0.0212175,0.263619,3.12615,0.00107643,0.0152995,0.000774472,0.00180997,-0.238965,-2.89621,-0.00160697,-0.290848,0.0256522,-0.0282367,-0.0364833,-0.00103317,-0.013513,-0.00167362,-0.0128995,0.245773,-0.0004138,-5.13011e-06,0.000472537,0.00376294,0.0323479,0.000133368,0.00474666,0.00013159,0.00185191,-0.00401816,-0.0381416,-0.000236459,0.000937898,-0.000177483,-0.00180602,-5.60955e-05,1.48853e-05,0.00037849,6.07985e-05,0.000561498,0.0696234,-4.31567e-05,-2.26988e-06,-5.65782e-05,3.505e-05,0.006932,0.000139178,0.00411304,0.000340537,0.00215171,-8.52755e-05,-0.00124132,-3.59384e-05,-0.00979789,-0.000294793,-0.00219745,1.43834e+06,36873,431375,25892.6,41383.1,-145530,36318.8,1083.46,13269.6,25752.8,20403.9,17.2567,169.588,0.0113845,1.09324,-40991.9,-17883.9,-243.454,-1577.46,-0.525175,-0.579452,1.6046e+07,268475,4.95282e+06,686236,4.96099e+06,2.94711e+06,120152,3694.5,-12928.8,-16587.2,-60957.8,-51.6403,-40.3371,-6.45038,-9.53275,58261.2,26877.2,285.532,1447.19,13.6357,2.34743,1.49177e+06,40123,461597,37577.6,133232,116024,31835.5,822.232,2416.65,9878.89,9985.43,243.565,347.817,27.9483,168.916,-14959,-8349.94,40.7144,-426.353,-104.424,-92.4401,373698,9698.04,93462.2,5777.94,16508.8,23055.3,8256.5,179.489,725.648,778.543,441.565,112.519,15.1358,37.3096,7.71858,-1585.42,-327.67,-403.502,63.6972,32.7578,-77.7859,37737.6,972.375,11006.8,583.947,83.0244,-4977.02,1007.95,30.5332,396.33,767.485,613.138,0.513766,5.08351,0.000383897,0.0326563,-1224.72,-534.238,-7.20006,-46.924,-0.0156112,-0.0174289,268475,195317,124102,18152.6,135309,82805.6,2692.97,102.561,-395.292,-520.358,-1732.51,-1.52249,-1.17193,-0.18422,-0.279744,1708.84,788.047,8.42267,42.9828,0.383727,0.0802373,40476.4,1098.09,12727,1046.08,3721.88,3246.78,872.745,22.594,66.7323,278.535,281.585,6.87205,9.81698,0.786436,4.76968,-419.457,-235.649,1.0472,-12.0774,-2.9403,-2.61582,10082.9,263.84,2558.12,159.537,456.529,637.106,225.425,4.91157,20.0485,21.8428,12.3043,3.16526,0.420341,1.04426,0.213378,-44.0591,-9.21609,-11.2662,1.84855,0.936456,-2.19409,506886,12505.7,128021,3578.47,-32176,-91622.5,14434.7,451.789,6301.37,11549.7,9441.42,7.76685,77.3974,0.00731611,0.495284,-18915.3,-8090.71,-111.451,-711.992,-0.231294,-0.271306,4.95282e+06,124102,3.32092e+06,252016,1.81844e+06,1.09302e+06,51691.3,1173.37,-5410,-7432.84,-26093.7,-22.4984,-16.4679,-2.50807,-4.09181,25494.3,11528.1,129.125,650.593,5.2048,1.39508,583245,15350.4,173489,13868.1,49188.2,43700.5,12143.2,311.924,936.023,3759.11,3812.42,93.2326,133.092,10.5842,64.6895,-5703.23,-3191.38,13.8744,-165.065,-39.6518,-35.6219,145115,3678.95,34898.1,2111.27,5998.51,8406.33,3109.77,67.2727,272.937,290.029,162.383,42.7251,5.63483,13.9019,2.83614,-591.381,-123.624,-152.43,26.4544,12.6835,-29.4216,51016.2,1197.31,9352.21,-1616.53,-12613.1,-17532.3,2700.26,96.2043,1944.31,2511.42,1828.8,1.6486,12.963,0.00158738,0.0777845,-4792.1,-1483.27,-16.4964,-103.482,-0.0344283,-0.0449435,686236,18152.6,252016,117801,219741,127666,5847.03,68.7147,-1984.29,-2097.86,-4192.95,-3.28146,-2.2466,-0.319253,-0.57444,6125.89,1974.84,18.4833,92.7088,0.649536,0.244156,71989.3,1894.05,20756.1,1321.08,4965.38,4808.02,1759.47,49.0853,366.747,659.569,568.174,14.6101,17.0383,1.36037,8.10553,-1193.06,-459.069,-3.71066,-19.3854,-5.32662,-4.13927,17728.6,449.53,4180.32,229.044,660.358,927.759,393.959,8.86311,46.2276,42.2923,23.8536,7.72773,1.24646,1.84733,0.636421,-94.1064,-18.0237,-19.1899,1.10916,1.56465,-4.04841,280948,6268.71,34064.9,-9376.24,-158970,-202149,12330.2,430.093,7802.57,13516.9,12042.3,8.85619,97.8844,0.011978,0.651416,-22847.3,-9903.52,-167.614,-980.105,-0.325968,-0.337426,4.96099e+06,135309,1.81844e+06,219741,2.06189e+06,1.15529e+06,66004.5,1452.24,-8246.56,-10827.3,-24175.2,-29.6478,-17.5988,-2.81616,-5.11116,28001.9,12751.3,191.742,899.173,5.81959,2.10773,507967,13617.8,154616,12524.8,41329.3,36891.3,10667.3,273.385,585.994,2976.83,3201.46,75.4763,113.564,9.24872,57.3022,-4431.7,-2645.71,14.2709,-163.562,-36.8172,-29.7337,122287,3150.91,29974.8,1807.37,4937.57,6680.96,2676.61,58.2008,227.415,222.776,108.449,28.2742,2.08013,11.6051,0.712238,-482.382,-92.27,-120.555,48.0115,13.5235,-25.8409,40152.1,13.6392,-30865.9,-12076.4,-189502,-394763,5717.77,226.694,6040.38,14813,71203.1,10.1671,442.535,0.148856,4.02811,-21424.7,-57103.2,-141.335,-14066.7,-5.30553,1.12856,2.94711e+06,82805.6,1.09302e+06,127666,1.15529e+06,1.70061e+08,44361.6,2004.47,-11999.9,-53390.3,-17929.1,-121.528,-12122.5,-196.023,-1367.59,21208.2,46349.8,254.766,25746.1,202.747,1360.87,313285,8709.59,110353,11793.2,64704,8.49651e+06,5313.51,113.497,-1071.37,-167.488,12251.6,1.38258,-7913.81,-232.117,-3426.92,-97.9804,-18528.3,229.069,15183.4,-374.538,4033.57,68648.7,1801.39,17908.6,1221.97,3739.1,1.24184e+06,1576.36,34.7398,181.978,233.504,7984.8,1.31423,-3569.36,-274.408,-1764.89,-269.132,-667.847,-230.303,-3699.69,883.083,1156.22,27858.3,769.181,10626.1,2229.55,6454.77,2045.58,-520.747,-29.9546,-1062.83,-626.338,-285.41,-0.309607,-0.091777,-0.00045309,0.00137134,1835.21,152.89,17.56,-0.730847,-0.00468197,0.00376372,120152,2692.97,51691.3,5847.03,66004.5,44361.6,137105,1594.38,-1478.6,35.7676,2108.38,0.22955,-0.662211,-0.0854454,-0.0679378,-2154.07,-89.5123,-17.4428,1.53356,0.176482,-0.023099,20181.5,560.166,7153.52,956.82,3027.01,2273.4,152.208,-0.72034,-252.983,-55.5779,44.6549,0.304053,4.5322,0.348292,2.38576,317.799,-56.524,6.12511,-7.61013,-1.02889,-1.70516,5137.06,137.196,1413.88,112.446,306.858,426.241,101.793,1.77825,-4.71098,4.54183,2.22642,-1.02651,-0.35539,0.382368,-0.191552,1.28557,-1.97454,-5.20822,3.44356,0.502914,-0.69373,781.762,22.0396,325.683,84.7425,251.005,118.174,-30.6802,-1.53301,-47.0383,-30.2005,-16.0022,-0.0160696,-0.0421283,-2.03444e-05,-0.000192821,83.4886,10.0627,0.963685,0.31711,-5.8096e-05,0.000271262,3694.5,102.561,1173.37,68.7147,1452.24,2004.47,1594.38,201.73,-189.006,6.97924,91.4877,0.0208626,-0.0161869,-0.00188331,-0.000481612,-100.417,-9.55277,-0.968691,-0.256758,0.0037869,-0.00142198,458.32,12.8091,177.56,29.8099,90.2923,63.6697,-1.74072,-0.243344,-11.0148,-4.29974,-0.47879,-0.0439272,0.100871,0.00745343,0.0562402,16.3339,-0.38063,0.232432,-0.205948,-0.0164753,-0.0472183,118.196,3.16617,34.4679,3.15297,8.44581,11.657,2.09539,0.0261138,-0.388669,0.0136449,-0.00799898,-0.0675283,-0.0173495,0.0066545,-0.00928512,0.436677,-0.00676991,-0.110876,0.122756,0.0127973,-0.0101667,8330.43,256.327,4225.97,1798.91,5677.96,5110.91,-1050.9,-46.8926,-1370.82,-1492.09,-878.756,-0.913376,-4.97498,-0.000919813,-0.0260743,3034.13,700.831,27.6199,31.8658,0.00577659,0.0212175,-12928.8,-395.292,-5410,-1984.29,-8246.56,-11999.9,-1478.6,-189.006,2464.11,2282.94,144.623,2.47679,0.71237,0.0668672,0.187592,-3781.64,-867.409,-29.2456,-27.561,-0.0918431,-0.162616,-350.995,-10.0093,5.69737,301.729,654.456,299.914,-294.823,-12.5232,-308.427,-333.453,-199.584,-6.38619,-3.63695,-0.271126,-1.44819,696.324,157.298,8.72166,1.66576,1.17769,0.541625,101.967,3.09789,36.0249,16.523,22.1039,34.2189,-13.1154,-0.739477,-16.4805,-13.8486,-8.5253,-4.35104,-1.00785,-0.422043,-0.525545,32.7824,6.89848,2.28736,2.98464,-0.20714,1.15473,13056.9,407.1,6596.2,1872.18,8845.08,11050,-752.822,-33.1317,-1479.34,-5999.77,-6042.01,-4.22814,-63.2925,-0.00966341,-0.268445,7563.99,5867.51,9.34731,180.925,0.0144897,0.263619,-16587.2,-520.358,-7432.84,-2097.86,-10827.3,-53390.3,35.7676,6.97924,2282.94,11603,3971.61,18.7473,43.2933,0.990229,5.22797,-9726.75,-8015.01,-23.9119,-160.899,-1.01337,-5.20483,-14.5495,1.91408,85.8501,240.485,1142.48,1342.81,-223.292,-8.68949,-327.354,-1567.13,-1997.51,-46.2451,-99.199,-4.01878,-40.7362,1936.53,1967.73,55.0714,86.8005,7.63342,37.1216,246.333,7.53641,82.1035,16.2337,17.6113,66.8067,-0.00591733,-0.0589666,-11.1336,-55.7308,-90.0766,-27.905,-20.3909,-3.62945,-10.9234,73.3778,79.8568,19.2481,32.8131,0.207907,14.3449,7647.79,260.487,4906.55,1377.92,8809.32,42929.7,-520.228,-23.0355,-947.116,-6179.15,-60459.3,-4.48866,-808.845,-0.109955,-3.1157,7105.22,58929.2,10.8875,2376.66,0.0995079,3.12615,-60957.8,-1732.51,-26093.7,-4192.95,-24175.2,-17929.1,2108.38,91.4877,144.623,3971.61,89175.4,11.3516,372.865,6.08603,42.4088,-9626.15,-82182.7,-17.8211,-1940.66,-6.11868,-42.3762,-4556.45,-119.054,-1199.68,62.6638,998.225,10603.2,-235.346,-8.02331,-205.77,-1869.69,-19617.1,-68.4878,-1477.93,-44.3248,-606.283,2089.9,19731.8,77.5291,1347.75,63.6321,586.975,-941.62,-23.4519,-209.795,-4.67686,-23.2519,2088.25,-22.324,-0.51101,-6.48777,-49.5476,-779.047,-44.406,-379.233,-33.7377,-200.067,64.1768,650.082,35.5307,509.442,14.6229,219.182,22.4235,0.705432,11.8274,2.53746,18.3964,24.171,-0.776438,-0.036237,-1.82452,-10.6986,-13.4996,-0.00809358,-0.144017,-3.80362e-05,-0.000923682,11.6226,12.9936,-0.00921956,1.6041,-0.000114713,0.00107643,-51.6403,-1.52249,-22.4984,-3.28146,-29.6478,-121.528,0.22955,0.0208626,2.47679,18.7473,11.3516,2.14169,0.104704,0.00258083,0.0177488,-13.437,-17.7185,-2.12175,-1.56577,-0.000793406,-0.0195362,-2.64714,-0.0685562,-0.727486,0.111664,1.17098,1.87801,-0.219427,-0.00784931,-0.29809,-2.7595,-4.6656,-0.0933261,-0.259936,-0.00984953,-0.106977,3.0786,4.66966,0.105785,0.23026,0.0167177,0.100108,-0.14228,-0.00181689,0.00422478,0.00997631,0.00469615,0.0560017,-0.00307174,-5.96317e-05,-0.00799512,-0.0890186,-0.207441,-0.0562795,-0.0527195,-0.00818792,-0.0284077,0.106111,0.181002,0.0439713,0.0824299,0.00150504,0.0350906,7.24644,0.243739,4.28494,0.986201,6.7194,-29.3867,0.0572735,-0.000656436,-0.378763,-15.9164,-305.459,-0.011903,-4.27082,-0.000587651,-0.0152249,17.2785,300.775,-0.00449749,7.98833,0.000513067,0.0152995,-40.3371,-1.17193,-16.4679,-2.2466,-17.5988,-12122.5,-0.662211,-0.0161869,0.71237,43.2933,372.865,0.104704,34.0469,0.325999,2.41753,-20.7375,-392.416,-0.0890519,-37.7636,-0.325871,-2.41766,-2.36363,-0.0587257,-0.56976,0.0318243,1.54871,-603.808,-0.117098,-0.00394512,-0.161346,-5.59631,-97.2508,-0.232395,-8.00612,-0.230847,-3.22218,5.7224,101.044,0.250126,4.23465,0.319127,3.1339,-0.475521,-0.0112744,-0.0968851,-0.00203404,-0.0258855,-80.2274,-0.00570113,-1.92815e-05,-0.000419312,-0.131255,-7.14278,-0.192507,-3.4296,-0.289688,-1.8058,0.134209,3.3864,0.174853,7.20111,0.201535,1.89395,0.663783,0.0229946,0.435177,0.095096,0.893903,2.02278,-0.0200114,-0.00100715,-0.0491999,-0.440211,-5.0433,-0.000323348,-0.0692541,-7.93743e-05,-0.000214201,0.483705,4.9318,0.000797825,0.186992,-0.000480897,0.000774472,-6.45038,-0.18422,-2.50807,-0.319253,-2.81616,-196.023,-0.0854454,-0.00188331,0.0668672,0.990229,6.08603,0.00258083,0.325999,0.229589,0.0365714,-0.576885,-6.44783,-0.00136754,-0.443734,-0.227338,-0.0388228,-0.547139,-0.0147494,-0.172669,-0.0119538,-0.0148037,-9.34848,-0.0142839,-0.000401051,-0.00668962,-0.129857,-1.59748,-0.00505694,-0.129396,-0.00378186,-0.0521979,0.137366,1.65425,0.00534324,0.0719245,0.00546118,0.0505186,-0.109533,-0.00277205,-0.0260871,-0.00140486,-0.00437681,-1.22506,-0.00235654,-4.99862e-05,-0.000352279,-0.00354779,-0.112861,-0.0037824,-0.0539348,-0.0046189,-0.0283863,0.00405369,0.0555668,0.00350088,0.111407,0.00294532,0.0300599,3.4217,0.108233,1.80712,0.320727,3.04895,1.03777,-0.0287657,-0.00213548,-0.152024,-2.15475,-34.8356,-0.00159076,-0.476591,-4.74188e-05,-0.00199042,2.04221,33.831,0.00336885,1.7461,0.000227867,0.00180997,-9.53275,-0.279744,-4.09181,-0.57444,-5.11116,-1367.59,-0.0679378,-0.000481612,0.187592,5.22797,42.4088,0.0177488,2.41753,0.0365714,1.67154,-2.42961,-44.1213,-0.0212652,-3.68701,-0.0384637,-1.66965,-0.588071,-0.0156498,-0.178388,-0.00816932,0.109318,-67.9067,-0.019033,-0.000576904,-0.017406,-0.629117,-10.9228,-0.0261235,-0.899132,-0.0259277,-0.361874,0.643498,11.3483,0.0277402,0.475657,0.0358483,0.351953,-0.0607703,-0.00132471,-0.00961836,0.000171825,6.70036e-05,-8.99081,-0.000975919,-1.59887e-05,-0.000368712,-0.0150646,-0.802014,-0.0216603,-0.385137,-0.0325373,-0.202789,0.0152637,0.380325,0.020054,0.808618,0.0226317,0.212695,-20949.8,-662.69,-11246.5,-4025.24,-15985.2,-16516.6,2022.96,88.678,3078.68,7682.15,6953.99,5.42683,68.6161,0.00934362,0.260112,-11