#include "orpp/csv.hpp"
#include "Eigen/Dense"
#include "estimableseirfilter.hpp"
#include "hsingleseir.hpp"
#include "hfourseir.hpp"


struct program
{
    bool estimate;
    bool output;
    bool outputx0;
    bool estimatex0;
    bool estimatevars;
    bool grid;
    seirfilter::evalparams eep;
    seirfilter::evalparams oep;
    seirfilter::evalparams vep;
    double timest = 1;
    unsigned offset = 0;
    vector<seirparaminit> params;
    vector<double> x0;
    vector<double> v0;
};

program g =
{
    false, // bool estimate;
    true, //bool output;
    false, //bool outputx0;
    false,// bool estimatex0;
    false, // estimatevars
    false, // grid
    //    unsigned firstcomputedcontrasttime=1;
    // unsigned longpredlag = 1;
    // unsigned estoffset = 0;
    // bool longpredtocontrast = false;
    // bool longpredvars = false;
    // unsigned ds = 0;
    // unsigned additionalcontraxt

    {40,7, 0 , true, true, 0, 1000   }, // eep
    {40,7, 0 , true, true, 100}, // oep
    {40,7, 0 , true,true}, // vep
    3*60, // time
    180, // offset
    {
        {"v",26,0,2000,true},// (3.21024)
        {"ce",1000.4416,0,200000,true},// (1.34536)
        {"cd",5000.4416,0,200000,true},// (1.77379)
        {"cs",5000,0,200000,true},// (1.37226)
        {"chospital",10000,0,1e+10,true},// (154797)
        {"racoef",0.0404206,0,100,true},// (0.00405914)
        {"rscoef",0,0,100,true},// (0.000735808)
        {"newvarcoef",1.91982,0,2,false},// (0.00136967)
        {"omega",0.979377,0,10,false},// (0.0070846)
        {"omega2",3.90656,0,10,false},// (0.00544055)
        {"pdetcoef",1.02948,0,5,false},// (0.00133984)
        {"thetacoef",0.00662959,0,0.3,false},// (2.55012e-05)
        {"eta0",0.32817,0,0.6,false},// (0.000150757)
        {"theta0",0.0125974,0,0.3,false},// (1.37679e-05)
        {"sigma",0.1787,0,1,true},// (0.00013048)
        {"varsigma",0.2212,0,1,true},// (0.000315217)
        {"ufactor",0.998388,0,1,false},// (0.00815187)
        {"vfactor",0.989032,0,1,false},// (0.177975)
        {"gammas0",0.079,0,1,true},// (7.46637e-05)
        {"gammaa0",0.12,0,1,true},// (0.000927073)
        {"betafactor20",2.0629,0,6,false},// (0.00821637)
        {"iotas20",0.00193727,0,1,false},// (6.88341e-06)
        {"mus20",6.30074e-05,1e-10,1,false},// (6.08784e-06)
        {"gammah20",0.0628073,0,1,false},// (7.76076e-05)
        {"muh20",0.0208863,0,1,false},// (7.30548e-05)

    },
    {11725.7,1759.01,4755.83,1820.47,1395.16,33293.5,323.712,145.995,333.369,733.771,5743.53,47.7464,119.458,6.45025,35.7232,1643.46,10065.6,115.508,924.08,71.6217,301.49},
    {
    4.7574e+06,480187,1.65798e+06,594907,683913,1.07153e+06,14118.1,3764.84,-535.132,-2852.26,1991.64,-257.269,-122.322,-40.407,-39.5177,55016.4,-2108.29,257.269,122.322,40.407,39.5177,480187,238155,187572,60715.6,75206.8,285206,1026.84,3014.11,-1831.89,-2169.66,1375.81,-56.9787,-24.3612,-6.637,-7.87021,5531.41,-178.692,56.9787,24.3612,6.637,7.87021,1.65798e+06,187572,1.0593e+06,247231,264904,418023,5965.35,1221.63,45.9613,-1002.01,716.807,-110.363,-47.6185,-15.5065,-15.3838,22021.1,-820.859,110.363,47.6185,15.5065,15.3838,594907,60715.6,247231,154103,82672.4,131001,2251.06,285.195,97.928,-254.041,164.239,-11.2181,-10.6277,-4.39417,-3.43342,10027.8,-456.087,11.2181,10.6277,4.39417,3.43342,683913,75206.8,264904,82672.4,168983,159965,3448.54,429.363,14.4774,-219.559,205.445,-70.6357,-29.4364,-8.1757,-9.50982,7103.84,-243.314,70.6357,29.4364,8.1757,9.50982,1.07153e+06,285206,418023,131001,159965,8.43327e+06,3900.34,8179.01,-3993.55,-10324.8,10409,-424.427,-2368.93,-107.063,-765.317,11241.1,-3468.58,424.427,2368.93,107.063,765.317,14118.1,1026.84,5965.35,2251.06,3448.54,3900.34,12359.3,138.853,153.635,-43.8154,5.78691,-0.929779,-0.496782,-0.230083,-0.160492,238.76,-7.4727,0.929779,0.496782,0.230083,0.160492,3764.84,3014.11,1221.63,285.195,429.363,8179.01,138.853,903.195,-490.435,-565.47,216.561,-10.0341,-4.0946,-0.455416,-1.32282,10.7254,-5.16442,10.0341,4.0946,0.455416,1.32282,-535.132,-1831.89,45.9613,97.928,14.4774,-3993.55,153.635,-490.435,1121.25,-118.234,-275.037,-0.739527,-0.0116542,0.00487388,-0.00376504,11.5663,-1.2689,0.739527,0.0116542,-0.00487388,0.00376504,-2852.26,-2169.66,-1002.01,-254.041,-219.559,-10324.8,-43.8154,-565.47,-118.234,3554.79,-2784.77,-43.5096,-26.4624,-1.95493,-8.54904,-55.2465,-36.2559,43.5096,26.4624,1.95493,8.54904,1991.64,1375.81,716.807,164.239,205.445,10409,5.78691,216.561,-275.037,-2784.77,3822.02,-146.344,-607.982,-24.8021,-196.417,-139.448,-818.363,146.344,607.982,24.8021,196.417,-257.269,-56.9787,-110.363,-11.2181,-70.6357,-424.427,-0.929779,-10.0341,-0.739527,-43.5096,-146.344,135.06,49.5506,-0.135345,16.008,103.586,83.2784,-135.06,-49.5506,0.135345,-16.008,-122.322,-24.3612,-47.6185,-10.6277,-29.4364,-2368.93,-0.496782,-4.0946,-0.0116542,-26.4624,-607.982,49.5506,500.42,-0.208494,88.7256,67.0075,570.284,-49.5506,-500.42,0.208494,-88.7256,-40.407,-6.637,-15.5065,-4.39417,-8.1757,-107.063,-0.230083,-0.455416,0.00487388,-1.95493,-24.8021,-0.135345,-0.208494,27.5973,-0.0673569,4.05767,22.4556,0.135345,0.208494,-27.5973,0.0673569,-39.5177,-7.87021,-15.3838,-3.43342,-9.50982,-765.317,-0.160492,-1.32282,-0.00376504,-8.54904,-196.417,16.008,88.7256,-0.0673569,101.606,21.6477,184.238,-16.008,-88.7256,0.0673569,-101.606,55016.4,5531.41,22021.1,10027.8,7103.84,11241.1,238.76,10.7254,11.5663,-55.2465,-139.448,103.586,67.0075,4.05767,21.6477,14765.5,-9769.95,-103.586,-67.0075,-4.05767,-21.6477,-2108.29,-178.692,-820.859,-456.087,-243.314,-3468.58,-7.4727,-5.16442,-1.2689,-36.2559,-818.363,83.2784,570.284,22.4556,184.238,-9769.95,10831,-83.2784,-570.284,-22.4556,-184.238,257.269,56.9787,110.363,11.2181,70.6357,424.427,0.929779,10.0341,0.739527,43.5096,146.344,-135.06,-49.5506,0.135345,-16.008,-103.586,-83.2784,135.06,49.5506,-0.135345,16.008,122.322,24.3612,47.6185,10.6277,29.4364,2368.93,0.496782,4.0946,0.0116542,26.4624,607.982,-49.5506,-500.42,0.208494,-88.7256,-67.0075,-570.284,49.5506,500.42,-0.208494,88.7256,40.407,6.637,15.5065,4.39417,8.1757,107.063,0.230083,0.455416,-0.00487388,1.95493,24.8021,0.135345,0.208494,-27.5973,0.0673569,-4.05767,-22.4556,-0.135345,-0.208494,27.5973,-0.0673569,39.5177,7.87021,15.3838,3.43342,9.50982,765.317,0.160492,1.32282,0.00376504,8.54904,196.417,-16.008,-88.7256,0.0673569,-101.606,-21.6477,-184.238,16.008,88.7256,-0.0673569,101.606,},

};


program g4 =
{
    false, // bool estimate;
    true, //bool output;
    false, //bool outputx0;
    false,// bool estimatex0;
    false, // estimatevars
    false, // grid
    //    unsigned firstcomputedcontrasttime=1;
    // unsigned longpredlag = 1;
    // unsigned estoffset = 0;
    // bool longpredtocontrast = false;
    // bool longpredvars = false;
    // unsigned ds = 0;

    {40,7,0,true,false,0}, // eep
    {40,7,0,true, true, 120}, // oep
    {40,7,0,true, true}, // eep
    7*60*60,
    180,
    // alpha = 0.179
    { // v version
//      {"ce",1999.76,0,10000,false},// (28.7265)
//      {"chospital",9450.84,0,1e+10,false},// (3590)
//      {"racoef",0.0188203,0,1,false},// (0.000257411)
//      {"rscoef",0.00185746,0,5,false},// (0.000125213)
      {"v",260,0,2000,true},// (0.684041)
      {"ce",290.7243,0,10000,false},// (0.744364)
      {"cd",290.7243,0,10000,false},// (0.744364)
      {"cs",290.7243,0,10000,false},// (0.744364)
      {"chospital",983.718,0,1e+10,false},// (50.6516)
      {"racoef",2.50883,0,10,false},// (7.90982e-05)
      {"rscoef",2.34452,0,10,false},// (0.0683497)
      {"newvarcoef",2.5,0,3,false},// (0.000739252)
      {"omega",0.628326,0,10,false},// (0.00809053)
      {"omega2",3.97747,0,10,false},// (0.00609176)
      {"pdetcoef",2.53453,0,5,false},// (0.00112397)
      {"thetacoef",0.0451331,0,0.3,false},// (0.000129593)
      {"eta0",0.401441,0,0.6,false},// (0.00046319)
      {"theta0",0.0228113,0,0.3,false},// (5.26271e-05)
      {"sigma",0.1787,0,1,true},// (0.000162524)
      {"varsigma",0.2212,0,1,true},// (0.000213764)
      {"ufactor",0.301605,0,1,false},// (0.00469021)
      {"vfactor",0.301605,0,1,false},// (0.00469021)
      {"gammas0",0.079,0,1,true},// (0.000101541)
      {"gammaa0",0.12,0,1,true},// (0.000448294)
      {"betafactor0",2.49083,0,6,false},// (0.0109714)
      {"iotas0",0.00164422,0,1,false},// (0.000100328)
      {"mus0",2.46915e-06,0,1,true},// (0.000350526)
      {"gammah0",0.999776,0,1,false},// (0.0411517)
      {"muh0",1.27311e-22,0,1,true},// (0.0270577)
      {"betafactor20",2.75728,0,6,false},// (0.0123303)
      {"iotas20",0.00141585,0,1,false},// (2.1317e-05)
      {"mus20",2.72253e-05,0,1,false},// (1.20481e-05)
      {"gammah20",0.0763199,0,1,false},// (0.00118897)
      {"muh20",0.00767826,0,1,false},// (0.000445902)
      {"betafactor65",3.4405,0,10,false},// (0.0156822)
      {"iotas65",0.0026334,0,1,false},// (4.62563e-05)
      {"mus65",0.00165319,0,1,true},// (6.91193e-05)
      {"gammah65",0.00563473,0,1,false},// (0.000241824)
      {"muh65",0.0182616,0,1,false},// (0.000197306)
      {"betafactor80",6.64096,0,10,false},// (0.0285445)
      {"iotas80",0.231398,0,1,false},// (0.000810056)
      {"mus80",0.0110482,0,1,false},// (0.00044468)
      {"gammah80",0.104101,0,1,false},// (0.000424521)
      {"muh80",0.0283519,0,1,false},// (0.000141335)
      // susceptible  8.65326e+06
      // horzion = 152
      },

    {857.75,112.884,360.967,65.3428,236.706,2498.37,94.8204,27.4721,61.6046,126.391,777.842,0.105066,4.564,-0.0012427,-2.6343e-22,260.922,1336.22,0.750695,53.1768,0.0012427,-7.64831e-18,4483.92,567.758,1803.54,320.364,1218.32,15187.6,469.271,136.84,288.078,651.993,5215.61,6.65802,63.694,0.855235,2.03795,1328.75,7545.36,43.9913,688.784,6.72385,25.383,650.269,73.4272,239.725,40.5322,138.075,2213.85,60.3957,13.5541,31.2045,52.4307,458.986,6.43134,9.52883,3.89041,3.06027,131.577,955.268,57.8417,211.537,36.5772,114.472,178.208,18.4394,38.1771,5.00722,6.52211,140.329,16.1619,3.19735,5.34199,1.33887,-57.7828,1.81195,-98.0577,-1.07249,-25.8599,5.30449,138.531,37.9132,802.003,30.8125,218.12},
    {
    8469.37,411.367,1684.58,222.23,464.519,324.545,345.658,-3.31028,9.31246,-0.478358,-5.148,-0.00119475,-0.0288408,-8.15191e-06,8.00174e-25,-5.27016,4.59374,-0.0519467,0.382584,8.15191e-06,3.44417e-23,1979.38,166.987,674.109,118.066,375.228,250.289,125.831,-4.42682,-3.92874,2.5858,2.67188,-0.0130521,-0.0419787,0.000611447,0.000488789,6.85978,-3.46129,0.0661936,-0.311764,-0.000611447,-0.000488789,275.338,14.3632,58.3155,7.02045,11.587,5.58007,11.9164,0.165728,0.864009,0.686832,0.623347,0.0489071,0.0116801,0.00458569,0.0077668,-1.40758,-0.899271,-0.126602,0.0329484,-0.00513695,-0.00721554,86.8342,3.07961,10.8651,0.828866,0.767244,0.486072,2.50757,0.0117709,0.0593809,0.036192,0.0393121,0.053784,0.146461,0.0103214,0.0359546,-0.124594,-0.0551275,0.0239105,-0.19109,-0.00977018,-0.0365058,411.367,175.865,185.945,30.037,62.3039,67.1997,43.2472,1.46155,0.39335,-0.610526,0.633022,-0.000372445,-0.00470929,1.74347e-05,5.20293e-25,-1.76761,-0.102114,-0.0165748,0.0139829,-1.74347e-05,5.87681e-24,182.673,11.2603,44.5052,6.42199,22.0569,17.7005,8.53261,-0.518388,-0.898032,-0.468327,-0.00447833,-0.00596311,-0.00170871,-2.41668e-05,-2.80717e-05,1.73551,0.146045,0.0229104,-0.0075649,2.41668e-05,2.80717e-05,30.1335,1.42053,5.7925,0.61252,0.856618,0.422082,1.18449,-0.00996912,0.0083041,0.00100495,0.0352716,-0.000454791,0.000350965,0.000256671,0.000527123,0.0164,-0.0295523,-0.0194084,-0.00194703,-0.000247657,-0.000536137,10.4751,0.361366,1.30534,0.0930001,0.0829213,0.0470341,0.29617,-0.00384942,-0.00962037,-0.00347901,0.00337748,-0.00302703,0.00461186,0.000257113,0.00105027,-0.00639117,-0.0014968,0.0228902,-0.0030158,-0.000266127,-0.00104126,1684.58,185.945,1101.66,109.519,211.173,150.774,162.587,-1.92835,4.31734,0.635033,-2.407,-8.74456e-05,-0.0110632,5.24354e-05,1.63276e-24,-2.47825,1.79843,-0.061289,0.135235,-5.24354e-05,2.21307e-23,740.34,44.2885,175.416,25.5106,89.0662,68.67,33.4737,-1.37072,-1.94011,0.542934,1.22296,-0.00177868,-0.00756761,0.00013344,0.000685949,2.96161,-1.35388,0.0631551,-0.116605,-0.00013344,-0.000685949,121.79,5.40265,22.1259,2.26971,3.19157,1.5487,4.52176,0.0467587,0.23849,0.262367,0.25394,0.0160244,0.00440867,0.00168188,0.00302326,-0.420276,-0.350432,-0.0624942,0.0112129,-0.00155504,-0.0031501,42.7507,1.38278,5.07149,0.346594,0.306267,0.155207,1.14076,-0.00175523,0.000608979,0.0114655,0.0172015,0.0183885,0.0571182,0.0038165,0.0140036,-0.0373711,-0.0209978,0.0280812,-0.0727398,-0.00394334,-0.0138767,222.23,30.037,109.519,89.8151,39.4266,28.5091,26.5202,-0.419461,0.645778,0.178225,-0.456921,1.44608e-05,-0.00179392,1.40471e-05,3.63017e-25,-0.270362,0.314521,-0.0102817,0.0202823,-1.40471e-05,4.12822e-24,134.178,6.80883,27.2697,3.23882,10.6074,9.06097,5.32192,-0.165193,-0.233934,0.0666752,0.226742,-0.000123814,-0.00028399,1.99312e-05,0.000162535,0.35158,-0.237648,0.0103911,-0.0182044,-1.99312e-05,-0.000162535,23.1885,0.999822,4.13763,0.390236,0.450614,0.202563,0.845691,0.00817336,0.0407889,0.0444457,0.0449747,0.00243537,0.000746779,0.000294425,0.000524949,-0.0698704,-0.0603428,-0.0130682,0.00171668,-0.000213497,-0.000605878,8.41144,0.277326,1.03409,0.0694527,0.0597213,0.0237638,0.231356,-0.00110779,-0.00183874,0.00175066,0.00317104,0.00276267,0.00989363,0.000640195,0.00242476,-0.00655396,-0.00359059,0.00787017,-0.0123571,-0.000721124,-0.00234383,464.519,62.3039,211.173,39.4266,409.307,241.375,50.1318,-1.96116,-2.44528,-3.61113,-5.52643,-0.00146132,-0.0217021,-0.000201326,-4.08163e-24,6.98976,6.06791,0.0248972,0.484595,0.000201326,2.45219e-25,430.34,24.732,99.4547,11.6184,-4.00869,-47.7368,22.3567,0.905471,2.7574,3.94273,4.71191,0.0618006,0.00944386,0.00131925,0.00513626,-6.22622,-5.60497,-0.0852364,-0.472337,-0.00131925,-0.00513626,76.8326,4.37477,17.3478,1.97049,1.53316,-0.637217,3.82586,0.101606,0.360458,0.297785,0.283777,0.0247161,0.00405363,0.00243108,0.00401974,-0.60761,-0.384336,-0.0776766,-0.00277397,-0.00236198,-0.00408884,27.2907,1.17861,3.97183,0.324831,0.289714,0.217711,1.00009,-0.00217106,0.00809182,0.00986598,0.000842406,0.0154653,0.0464994,0.0035965,0.0111166,-0.0474909,-0.0208191,0.0374952,-0.0477791,-0.00366559,-0.0110475,324.545,67.1997,150.774,28.5091,241.375,6880.18,37.4881,5.86561,-5.77693,-17.8454,-42.7468,-0.00927687,-0.420878,-0.00260704,-4.17749e-23,8.12184,47.6345,0.0890466,5.08833,0.00260704,-7.0545e-22,308.318,21.8122,82.8869,10.8375,-43.5058,-460.624,20.1883,1.22034,2.05913,7.5905,49.6336,0.184637,0.616984,0.013439,0.078237,-7.99722,-47.7592,-0.264406,-5.28444,-0.013439,-0.078237,57.6045,4.25437,15.425,2.02588,2.50397,21.9564,3.51963,0.0593724,0.0516047,-0.0661808,1.53815,0.00862791,0.0690464,0.00944464,0.0740186,-0.0392967,-1.56442,-0.0579759,0.00107164,-0.0440465,-0.0394167,20.2902,1.14123,3.2523,0.291752,0.280673,4.702,0.898735,0.00891003,-0.0349346,-0.0145244,-0.733063,-0.0198774,-1.09533,-0.0535762,-0.26228,-0.0286963,0.823078,0.0692253,1.02521,0.0881781,0.227678,345.658,43.2472,162.587,26.5202,50.1318,37.4881,141.919,0.147478,2.78492,2.47226,0.675026,0.00100181,0.0015205,4.07625e-05,8.89524e-25,-4.52037,-1.50634,-0.0204666,-0.0350395,-4.07625e-05,4.67727e-24,141.09,8.65013,34.1626,5.04751,20.2614,17.1342,6.14967,-0.921808,-1.95676,-1.81197,-0.833548,-0.0194523,-0.0043093,-0.00018499,-0.000628705,4.10988,1.36122,0.0389171,0.0378283,0.00018499,0.000628705,23.0749,1.03109,4.25405,0.439176,0.729584,0.423857,0.822925,-0.0623795,-0.133139,-0.15748,-0.0576571,-0.0121695,-0.00177085,-0.00034757,-0.000448568,0.319992,0.133868,-0.0171714,-0.0120922,0.000296686,0.000499452,8.02082,0.261897,0.963611,0.0653764,0.0594037,0.0374441,0.20459,-0.010184,-0.0303282,-0.016774,1.77549e-05,-0.0204093,-0.0229825,-0.00168954,-0.00585017,0.00521983,0.00884471,0.0497502,0.0368456,0.00174042,0.00579928,-3.31028,1.46155,-1.92835,-0.419461,-1.96116,5.86561,0.147478,32.6005,-7.72569,-6.16245,1.88265,-0.00311344,-0.0176309,2.71441e-05,9.17155e-25,-13.0739,-7.24098,-0.0408782,-0.218496,-2.71441e-05,1.76766e-24,-5.42695,-0.659731,-1.55959,-0.216149,0.851513,1.15335,-1.20495,-2.06214,-5.50669,-5.49503,-4.71911,-0.0624681,-0.0184809,-0.00079732,-0.00357648,11.2626,6.24022,0.10646,0.254608,0.00079732,0.00357648,-0.975481,-0.107191,-0.26581,-0.0265457,0.148517,0.167534,-0.199544,-0.251562,-0.692286,-0.634509,-0.521683,-0.0618187,-0.0118534,-0.00289635,-0.00634384,1.40692,0.825478,-0.0098345,-0.0488518,0.00312875,0.00611144,-0.258747,-0.017344,-0.0411871,-0.00594381,0.00112736,0.00544479,-0.0433658,-0.0405655,-0.134128,-0.0560999,-0.0227617,-0.0760788,-0.147349,-0.00951976,-0.0365857,0.0717213,0.0494758,0.147732,0.208054,0.00928735,0.0368181,9.31246,0.39335,4.31734,0.645778,-2.44528,-5.77693,2.78492,-7.72569,55.0581,-2.42943,-1.8252,-0.00186379,0.00574857,0.000130785,3.15953e-24,-33.2174,-9.33151,-0.151473,-0.381289,-0.000130785,5.284e-24,-5.41092,-1.25431,-2.00999,-0.35837,2.80418,1.99232,-2.84703,-5.56732,-16.6116,-9.90566,-5.16377,-0.121324,-0.000757049,-0.00119265,-0.00368901,28.6594,8.06,0.27466,0.376297,0.00119265,0.00368901,-1.02697,-0.207986,-0.375336,-0.0347685,0.402181,0.255844,-0.475612,-0.679912,-2.08858,-1.15071,-0.536695,-0.113768,-0.0168281,-0.00447033,-0.00582036,3.65271,1.13958,-0.107188,-0.0986062,0.0030846,0.0072061,-0.0365452,-0.0185179,-0.0088116,-0.0115824,0.0106617,0.00655335,-0.0860604,-0.111917,-0.416304,-0.136557,-0.00209231,-0.160623,-0.212996,-0.0153885,-0.0538806,0.250663,0.0798169,0.381579,0.32843,0.0167742,0.0524948,-0.478358,-0.610526,0.635033,0.178225,-3.61113,-17.8454,2.47226,-6.16245,-2.42943,128.242,-16.4573,0.00157852,0.000835135,0.000416769,8.1898e-24,-41.5438,-60.1865,-0.0317908,-1.4331,-0.000416769,-6.56938e-24,0.17159,-0.76691,-0.390528,-0.0858312,3.40356,8.33608,-2.1344,-5.50241,-9.95705,-29.1238,-44.3694,-0.331838,-0.32645,-0.00618394,-0.0366941,35.6981,51.7921,0.362051,1.75871,0.00618394,0.0366941,-0.0568702,-0.126154,-0.0683432,-0.0105323,0.522712,1.1788,-0.348478,-0.667231,-1.24069,-3.33281,-5.07671,-0.376579,-0.101736,-0.0219114,-0.0733068,4.20973,6.56218,0.267635,-0.243781,0.030792,0.0644262,-0.0381776,-0.017339,-0.00534459,-8.13844e-05,0.00699147,0.031823,-0.0944715,-0.110453,-0.235423,-0.181454,-0.312734,-0.330436,-1.13745,-0.065076,-0.277708,0.0555105,0.330092,0.43938,1.48296,0.0561954,0.286588,-5.148,0.633022,-2.407,-0.456921,-5.52643,-42.7468,0.675026,1.88265,-1.8252,-16.4573,585.68,-0.00912034,-0.962293,0.00113572,2.69475e-23,-49.3149,-505.373,-0.0318125,-13.5888,-0.00113572,4.93153e-22,1.10279,-0.14985,0.632095,0.125026,4.60389,38.3529,-0.90765,-4.71918,-5.22979,-44.2145,-421.056,-0.689695,-5.3397,-0.0590538,-0.471785,41.4356,419.192,0.730628,19.8908,0.0590538,0.471785,0.00652342,-0.0432584,0.0557117,0.0151263,0.715496,5.68117,-0.176567,-0.595636,-0.685471,-5.01563,-53.106,-1.35886,-2.02452,-0.228276,-1.95718,4.66013,56.8184,1.39306,-0.0854482,0.349125,1.83633,-0.121924,-0.0119137,-0.0141292,-5.09307e-05,0.00462918,-0.0952176,-0.0609799,-0.130801,-0.174232,-0.146208,-5.42253,-0.376702,-11.8777,-0.586334,-2.84454,0.0112084,3.78679,0.342507,13.9877,0.465485,2.96539,-0.00119475,-0.000372445,-8.74456e-05,1.44608e-05,-0.00146132,-0.00927687,0.00100181,-0.00311344,-0.00186379,0.00157852,-0.00912034,0.0695506,-0.0042245,2.12916e-07,-1.65994e-25,-0.0150235,-0.0333001,-0.00388326,-0.000600191,-2.12916e-07,-3.02821e-26,0.00763894,0.00161709,0.00846089,0.000675279,0.00178118,7.86527e-05,0.000925968,-0.000938491,0.000290696,-0.0129667,-0.0207263,-0.00833633,0.000312754,-4.38298e-06,-2.28006e-05,0.0588925,0.036291,-0.057331,0.00451194,4.38298e-06,2.28006e-05,-0.000644556,-0.000188054,-0.000276871,-4.011e-05,0.000517097,0.000831895,-0.000439158,-0.000782248,-0.00231259,-0.00190264,-0.00289816,-0.000262938,-6.22099e-05,-1.39288e-05,-4.26716e-05,0.00447808,0.0038606,5.08948e-05,-0.000168797,1.79916e-05,3.86088e-05,0.000380979,1.95653e-05,7.49519e-05,-1.44937e-05,1.38914e-05,1.7708e-05,3.51433e-06,-0.000152294,-0.000546573,-0.00013883,-0.000158113,-0.000232004,-0.000698516,-4.08266e-05,-0.000171174,0.000347315,0.000205445,0.000444047,0.000929523,3.67638e-05,0.000175236,-0.0288408,-0.00470929,-0.0110632,-0.00179392,-0.0217021,-0.420878,0.0015205,-0.0176309,0.00574857,0.000835135,-0.962293,-0.0042245,3.68475,1.06889e-05,-1.84588e-23,-0.122809,-2.12667,0.000165992,-0.457871,-1.06889e-05,-5.46049e-24,-0.0648992,-0.00512662,-0.0203697,-0.00272685,-0.0168387,0.00902539,-0.00626709,-0.00851068,-0.00623774,-0.133578,-1.45404,-0.00120323,-0.466892,-0.000406652,-0.00704584,0.543557,4.28163,0.00526174,-2.75999,0.000406652,0.00704584,-0.00792002,-0.00120285,-0.00193121,-0.000188228,0.00529894,0.036042,-0.00248283,-0.00535657,-0.00769163,-0.0384486,-0.374175,-0.00981136,-0.0157709,-0.00172143,-0.015277,0.0390352,0.403516,0.00975246,-0.00105038,0.0025798,0.0144186,-0.00202692,-0.000173754,-0.000241217,-9.70959e-06,4.54975e-05,-0.000976546,-0.000702994,-0.0010944,-0.00173749,-0.00135419,-0.0379025,-0.00312149,-0.0898779,-0.00440962,-0.0215323,0.000264217,0.0249441,0.00318039,0.106699,0.00355125,0.0223907,-8.15191e-06,1.74347e-05,5.24354e-05,1.40471e-05,-0.000201326,-0.00260704,4.07625e-05,2.71441e-05,0.000130785,0.000416769,0.00113572,2.12916e-07,1.06889e-05,0.0071141,-2.80536e-23,9.58389e-05,-0.00174579,1.98226e-07,-7.15703e-05,-0.0071141,-2.69921e-22,1.59166e-05,-9.23491e-06,-2.6729e-06,-1.0371e-06,0.000143865,0.0013199,-2.76131e-05,-9.32464e-05,-0.000138461,-0.000718014,-0.00638824,-1.11652e-05,-0.000107955,-9.58845e-07,-7.9437e-06,0.00075381,0.00652368,1.07541e-05,0.000168836,9.58845e-07,7.9437e-06,-4.34876e-06,-2.44221e-06,-2.75508e-06,-4.29279e-07,1.13762e-05,8.02715e-05,-5.16044e-06,-1.16848e-05,-1.77657e-05,-8.11434e-05,-0.000815804,-2.10377e-05,-3.43318e-05,-3.74252e-06,-3.32928e-05,8.43993e-05,0.000878392,2.07675e-05,-1.79114e-06,5.61331e-06,3.1422e-05,-2.78729e-06,-5.59227e-07,-5.92983e-07,-8.88272e-08,4.09746e-08,-4.71166e-06,-1.47582e-06,-2.43055e-06,-4.12946e-06,-2.83591e-06,-8.30195e-05,-6.56965e-06,-0.000195285,-9.5834e-06,-4.6777e-05,9.67674e-07,5.50546e-05,6.83985e-06,0.000231408,7.71261e-06,4.86478e-05,8.00174e-25,5.20293e-25,1.63276e-24,3.63017e-25,-4.08163e-24,-4.17749e-23,8.89524e-25,9.17155e-25,3.15953e-24,8.1898e-24,2.69475e-23,-1.65994e-25,-1.84588e-23,-2.80536e-23,1.65081e-22,4.77399e-24,-1.83527e-23,-1.45078e-26,-6.99604e-24,-1.37028e-22,-1.2496e-41,-5.6536e-24,-1.05659e-24,-3.4212e-24,-6.30152e-25,2.55495e-24,3.31736e-23,-1.24645e-24,-1.96479e-24,-3.19532e-24,-1.34234e-23,-1.21087e-22,-7.70612e-26,1.63196e-24,2.90857e-23,-2.19866e-23,1.13378e-23,1.02697e-22,2.57563e-25,2.38229e-23,1.35996e-22,-1.43095e-22,-2.89855e-25,-3.86368e-26,-5.22384e-26,-2.91331e-27,2.17758e-25,9.12266e-25,-8.92921e-26,-2.04958e-25,-2.93897e-25,-1.47887e-24,-1.55915e-23,-3.81904e-25,-6.59388e-25,-7.16831e-26,-6.41626e-25,1.49812e-24,1.65989e-23,3.79774e-25,1.33765e-25,9.61844e-26,6.17124e-25,-1.37293e-25,-1.23258e-26,-2.13071e-26,-1.64082e-27,3.82195e-28,-2.19527e-25,-3.11203e-26,-4.2343e-26,-6.6433e-26,-5.18916e-26,-1.82296e-24,-1.19782e-25,-4.01518e-24,-1.97516e-25,-9.60664e-25,1.01025e-26,1.44577e-24,1.21911e-25,4.5408e-24,1.73014e-25,9.85166e-25,-5.27016,-1.76761,-2.47825,-0.270362,6.98976,8.12184,-4.52037,-13.0739,-33.2174,-41.5438,-49.3149,-0.0150235,-0.122809,9.58389e-05,4.77399e-24,184.793,-46.0581,-0.178672,-1.26842,-9.58389e-05,1.13373e-23,11.0807,2.44496,3.88568,0.637552,-5.88779,-8.59089,5.51081,11.3794,28.7554,35.8568,41.8565,0.467388,0.669635,0.00654145,0.0337165,-66.0576,-53.3753,-0.273692,0.721594,-0.00654145,-0.0337165,2.10781,0.407952,0.705695,0.0706751,-0.923397,-1.29062,0.923671,1.40417,3.65019,4.18205,4.81883,0.45087,0.104099,0.0235174,0.0669927,-8.0553,-6.79491,-0.0835525,0.323549,-0.0289848,-0.0615253,0.34137,0.048815,0.0568362,0.0178114,-0.0164743,-0.0361571,0.196547,0.231111,0.715926,0.321,0.257715,0.472748,1.1963,0.0725108,0.29446,-0.360486,-0.3703,-0.840066,-1.62395,-0.0670434,-0.299928,4.59374,-0.102114,1.79843,0.314521,6.06791,47.6345,-1.50634,-7.24098,-9.33151,-60.1865,-505.373,-0.0333001,-2.12667,-0.00174579,-1.83527e-23,-46.0581,641.256,-0.0180156,-10.8873,0.00174579,4.58023e-22,-1.33106,0.36322,-0.537603,-0.0972369,-5.28943,-37.7136,1.50641,6.18952,8.01927,51.4267,418.529,0.776589,8.59366,0.0602363,0.515967,-52.6494,-444.58,-0.725274,4.42026,-0.0602363,-0.515967,-0.0464066,0.0778103,-0.0482158,-0.0133637,-0.864558,-5.97577,0.277648,0.790892,1.05773,5.95673,54.3967,1.46084,2.0494,0.233939,1.97415,-5.87926,-58.5265,-1.46082,0.154259,-0.356841,-1.85125,0.104104,0.0155438,0.0108513,-0.000327777,-0.00712178,0.0829202,0.0878093,0.162735,0.244403,0.19949,5.49702,0.471535,12.1689,0.603308,2.91583,-0.0286409,-3.87133,-0.471552,-14.3726,-0.480406,-3.03873,-0.0519467,-0.0165748,-0.061289,-0.0102817,0.0248972,0.0890466,-0.0204666,-0.0408782,-0.151473,-0.0317908,-0.0318125,-0.00388326,0.000165992,1.98226e-07,-1.45078e-26,-0.178672,-0.0180156,0.492111,-0.0357511,-1.98226e-07,-1.57698e-24,0.0731558,0.0194793,0.0704363,0.00927709,-0.0273865,-0.0808304,0.0258323,0.0456518,0.152756,0.0447443,0.0617198,-0.059816,0.00482245,7.60829e-07,1.06457e-05,0.132668,0.0151019,-0.428411,0.0307627,-7.60829e-07,-1.06457e-05,-0.000690663,-4.55754e-05,-0.000532712,-9.12571e-05,-0.000577672,-0.000880327,0.000192652,0.000702508,0.00204484,0.00180483,0.00284308,0.000251296,6.01779e-05,1.34789e-05,4.17677e-05,-0.00405166,-0.00374721,-6.63727e-05,0.000158509,-1.74141e-05,-3.78325e-05,0.000849977,5.90288e-05,0.000139683,3.58292e-05,1.01835e-05,2.85034e-05,5.62316e-05,0.000140066,0.00049386,0.000124256,0.000158467,0.000217022,0.000679966,3.9481e-05,0.000166462,-0.000313888,-0.00019915,-0.000401946,-0.000898653,-3.55459e-05,-0.000170397,0.382584,0.0139829,0.135235,0.0202823,0.484595,5.08833,-0.0350395,-0.218496,-0.381289,-1.4331,-13.5888,-0.000600191,-0.457871,-7.15703e-05,-6.99604e-24,-1.26842,-10.8873,-0.0357511,28.2715,7.15703e-05,-9.55928e-22,-0.202021,0.00665435,-0.0785949,-0.0122172,-0.443486,-3.45845,0.0563172,0.245972,0.383642,1.55737,16.336,0.0307033,-3.11615,0.000860209,-0.0268815,0.91608,8.33823,0.00564801,-24.6975,-0.000860209,0.0268815,0.000651723,0.000262966,-0.000961435,-0.000271629,-0.00618957,-0.0529547,0.00161157,0.00471862,0.00706456,0.0334188,0.39973,0.00914293,0.0172171,0.00181958,0.0167902,-0.0343795,-0.42782,-0.00903222,-6.04565e-05,-0.00288529,-0.0157245,0.0107157,0.000850988,0.00181152,0.000163299,0.000116858,0.00556367,0.00116504,0.000997171,0.00154885,0.00119768,0.0432884,0.00269266,0.100149,0.00491054,0.0239619,-0.000274099,-0.0294906,-0.00280336,-0.117306,-0.00384483,-0.0250276,8.15191e-06,-1.74347e-05,-5.24354e-05,-1.40471e-05,0.000201326,0.00260704,-4.07625e-05,-2.71441e-05,-0.000130785,-0.000416769,-0.00113572,-2.12916e-07,-1.06889e-05,-0.0071141,-1.37028e-22,-9.58389e-05,0.00174579,-1.98226e-07,7.15703e-05,0.0071141,-1.83532e-21,-1.59166e-05,9.23491e-06,2.6729e-06,1.0371e-06,-0.000143865,-0.0013199,2.76131e-05,9.32464e-05,0.000138461,0.000718014,0.00638824,1.11652e-05,0.000107955,9.58845e-07,7.9437e-06,-0.00075381,-0.00652368,-1.07541e-05,-0.000168836,-9.58845e-07,-7.9437e-06,4.34876e-06,2.44221e-06,2.75508e-06,4.29279e-07,-1.13762e-05,-8.02715e-05,5.16044e-06,1.16848e-05,1.77657e-05,8.11434e-05,0.000815804,2.10377e-05,3.43318e-05,3.74252e-06,3.32928e-05,-8.43993e-05,-0.000878392,-2.07675e-05,1.79114e-06,-5.61331e-06,-3.1422e-05,2.78729e-06,5.59227e-07,5.92983e-07,8.88272e-08,-4.09746e-08,4.71166e-06,1.47582e-06,2.43055e-06,4.12946e-06,2.83591e-06,8.30195e-05,6.56965e-06,0.000195285,9.5834e-06,4.6777e-05,-9.67674e-07,-5.50546e-05,-6.83985e-06,-0.000231408,-7.71261e-06,-4.86478e-05,3.44417e-23,5.87681e-24,2.21307e-23,4.12822e-24,2.45219e-25,-7.0545e-22,4.67727e-24,1.76766e-24,5.284e-24,-6.56938e-24,4.93153e-22,-3.02821e-26,-5.46049e-24,-2.69921e-22,-1.2496e-41,1.13373e-23,4.58023e-22,-1.57698e-24,-9.55928e-22,-1.83532e-21,2.10524e-21,-3.43497e-23,-6.04742e-24,-2.3531e-23,-4.39798e-24,1.9217e-24,1.23461e-20,-5.05808e-24,-8.34224e-25,-5.26689e-24,1.14158e-23,-1.86247e-21,1.01015e-24,1.35298e-22,3.02029e-22,-2.71266e-22,-2.72342e-23,9.21389e-22,5.97119e-25,8.2609e-22,1.80322e-21,-1.83398e-21,2.66919e-25,7.64222e-26,1.55992e-25,2.41536e-26,-1.8007e-25,-1.00041e-21,1.26165e-25,2.20069e-25,3.31528e-25,1.51088e-24,7.7197e-22,9.71919e-25,3.15605e-23,2.83849e-24,3.2285e-23,-1.57493e-24,-7.36896e-22,-9.66274e-25,-6.71275e-23,-7.35789e-24,-2.77656e-23,9.52071e-26,4.33885e-28,-4.8927e-28,-1.45225e-27,-4.16159e-27,9.69675e-22,2.44411e-26,4.35399e-26,7.26645e-26,5.51833e-26,2.15746e-22,1.23393e-25,3.21433e-22,1.63057e-23,7.63877e-23,-1.29739e-26,-2.51466e-22,-1.29039e-25,-2.85866e-22,-1.17863e-23,-8.09071e-23,1979.38,182.673,740.34,134.178,430.34,308.318,141.09,-5.42695,-5.41092,0.17159,1.10279,0.00763894,-0.0648992,1.59166e-05,-5.6536e-24,11.0807,-1.33106,0.0731558,-0.202021,-1.59166e-05,-3.43497e-23,53962.7,2933.7,11942.3,1706.96,4125.58,2785.62,2373.84,-36.7715,34.9048,11.7251,-14.0964,-0.43536,-0.506225,0.00337322,-0.0382688,-3.19207,7.24401,0.354565,0.773145,-0.00337322,0.0382688,1554.33,81.7286,331.907,40.5836,70.2141,36.3616,67.4344,0.793123,4.69301,3.41782,3.36163,0.253182,0.0656061,0.0235597,0.043365,-7.39683,-4.78288,-0.598532,0.193862,-0.0308315,-0.0360933,403.496,14.7936,51.6801,4.08341,3.84879,2.42821,11.9264,0.0762829,0.365741,0.178115,0.240144,0.277752,0.795479,0.0552437,0.195227,-0.657778,-0.288387,0.0675981,-1.05495,-0.047972,-0.202499,166.987,11.2603,44.2885,6.80883,24.732,21.8122,8.65013,-0.659731,-1.25431,-0.76691,-0.14985,0.00161709,-0.00512662,-9.23491e-06,-1.05659e-24,2.44496,0.36322,0.0194793,0.00665435,9.23491e-06,-6.04742e-24,2933.7,983.592,1171.07,186.154,422.985,442.417,260.831,8.63731,-3.82486,-5.52991,3.86324,-0.0300915,-0.0579489,0.000824722,-0.00407033,-2.89425,-0.22891,0.00899516,0.0564212,-0.000824722,0.00407033,169.605,7.9946,32.6222,3.47352,5.15015,2.83802,6.61931,-0.108837,-0.0928366,-0.0935136,0.182547,-0.00867551,0.00153258,0.000988867,0.00295075,0.342795,-0.109739,-0.0995702,-0.013703,-0.00192308,-0.00201654,44.2494,1.54984,5.55651,0.402247,0.366018,0.218552,1.24469,-0.024277,-0.0689547,-0.0311786,0.0228398,-0.0257883,0.0184199,0.000684346,0.00392714,-0.0152767,-0.00356904,0.134034,-0.00624948,0.000249869,-0.00486135,674.109,44.5052,175.416,27.2697,99.4547,82.8869,34.1626,-1.55959,-2.00999,-0.390528,0.632095,0.00846089,-0.0203697,-2.6729e-06,-3.4212e-24,3.88568,-0.537603,0.0704363,-0.0785949,2.6729e-06,-2.3531e-23,11942.3,1171.07,6510.95,698.122,1498.77,1066.55,984.865,-17.6073,15.5008,7.38406,-6.99338,-0.0550737,-0.180363,0.00368264,-0.013683,-0.936326,2.63202,-0.0238234,0.279328,-0.00368264,0.013683,682.016,30.2217,123.785,12.7594,18.9405,10.1759,25.2072,0.291452,1.62853,1.19719,1.27728,0.0878452,0.0239885,0.00825106,0.0160446,-2.56491,-1.7578,-0.251692,0.0681057,-0.00995494,-0.0143407,179.264,5.92495,21.5119,1.50394,1.34829,0.732528,4.83158,0.0193218,0.113081,0.0546949,0.0919717,0.0980174,0.300032,0.0198419,0.0735707,-0.245183,-0.105639,0.0658291,-0.392126,-0.018138,-0.0752746,118.066,6.42199,25.5106,3.23882,11.6184,10.8375,5.04751,-0.216149,-0.35837,-0.0858312,0.125026,0.000675279,-0.00272685,-1.0371e-06,-6.30152e-25,0.637552,-0.0972369,0.00927709,-0.0122172,1.0371e-06,-4.39798e-24,1706.96,186.154,698.122,470.855,255.558,184.2,158.053,-3.40475,3.01049,1.60973,-1.38784,-0.0104216,-0.0293202,0.000845304,-0.00221448,-0.279749,0.447123,0.000469278,0.0442643,-0.000845304,0.00221448,130.618,5.62913,23.3197,2.19798,2.66528,1.35779,4.74879,0.0325856,0.205805,0.196901,0.21878,0.0106522,0.00373441,0.00132487,0.00268815,-0.331711,-0.287188,-0.0581957,0.00863577,-0.0014992,-0.00251382,34.3151,1.14453,4.23589,0.286918,0.249906,0.108331,0.950232,-0.0053957,-0.0141878,0.006138,0.0171848,0.0121798,0.0477673,0.00302807,0.0116663,-0.022481,-0.0164316,0.0353637,-0.0601375,-0.00285374,-0.0118407,375.228,22.0569,89.0662,10.6074,-4.00869,-43.5058,20.2614,0.851513,2.80418,3.40356,4.60389,0.00178118,-0.0168387,0.000143865,2.55495e-24,-5.88779,-5.28943,-0.0273865,-0.443486,-0.000143865,1.9217e-24,4125.58,422.985,1498.77,255.558,2178.65,1085.94,341.111,-7.01468,-0.996339,-1.13929,-8.75737,-0.280202,-0.260808,-0.00355781,-0.0228173,9.36227,8.05948,0.305807,0.721133,0.00355781,0.0228173,446.828,26.098,103.259,11.9061,9.92113,-1.53868,22.8259,0.574276,2.21351,1.44502,1.78297,0.142195,0.029445,0.0132948,0.0283155,-3.49519,-2.30445,-0.385086,-0.00270714,-0.017881,-0.0237293,110.462,4.70466,15.9791,1.30607,1.15769,0.674954,4.00243,-0.00943332,0.0782755,0.0442835,0.0275503,0.0757076,0.291485,0.0204354,0.0694904,-0.249245,-0.107585,0.167184,-0.318223,-0.0158493,-0.0740765,250.289,17.7005,68.67,9.06097,-47.7368,-460.624,17.1342,1.15335,1.99232,8.33608,38.3529,7.86527e-05,0.00902539,0.0013199,3.31736e-23,-8.59089,-37.7136,-0.0808304,-3.45845,-0.0013199,1.23461e-20,2785.62,442.417,1066.55,184.2,1085.94,37260.8,260.95,36.3295,-22.5503,-61.5246,-1.96306,-1.31285,-2.98284,-0.0486335,-0.243112,7.21178,38.9665,1.39361,6.43227,0.0486335,0.243112,328.134,25.1695,90.821,12.1808,16.4519,203.02,20.8255,0.429096,0.447499,0.42039,5.68932,0.247452,0.309872,0.0548436,0.325415,-1.02995,-4.94137,-0.553445,-1.01886,-0.103824,-0.276435,77.1485,4.20854,12.2235,1.09224,1.04651,21.8704,3.34172,0.00320052,-0.164147,-0.0662812,-1.92186,-0.0543846,-0.982509,-0.0434296,-0.243649,-0.108754,1.24286,0.360378,1.6915,0.0924096,0.194668,125.831,8.53261,33.4737,5.32192,22.3567,20.1883,6.14967,-1.20495,-2.84703,-2.1344,-0.90765,0.000925968,-0.00626709,-2.76131e-05,-1.24645e-24,5.51081,1.50641,0.0258323,0.0563172,2.76131e-05,-5.05808e-24,2373.84,260.831,984.865,158.053,341.111,260.95,763.213,-3.12388,8.24045,5.94025,-0.0125148,0.023819,-0.0294571,0.00116216,-0.00159166,-8.54276,-2.42474,-0.0505773,-0.020593,-0.00116216,0.00159166,124.555,5.44277,22.5766,2.34004,4.30421,2.69245,4.22366,-0.504186,-1.25329,-1.02798,-0.298851,-0.0824079,-0.0110287,-0.0025388,-0.00229756,2.56467,0.809825,-0.117941,-0.0788199,0.00108879,0.00374757,33.0955,1.09516,4.00412,0.275872,0.262901,0.178733,0.804614,-0.0756724,-0.248314,-0.122281,0.0107134,-0.135155,-0.139179,-0.010681,-0.035705,0.0892692,0.0560864,0.335503,0.229028,0.012131,0.034255,-4.42682,-0.518388,-1.37072,-0.165193,0.905471,1.22034,-0.921808,-2.06214,-5.56732,-5.50241,-4.71918,-0.000938491,-0.00851068,-9.32464e-05,-1.96479e-24,11.3794,6.18952,0.0456518,0.245972,9.32464e-05,-8.34224e-25,-36.7715,8.63731,-17.6073,-3.40475,-7.01468,36.3295,-3.12388,164.516,-63.5033,-59.8313,-8.28525,-0.185751,-0.154639,-0.00236183,-0.00859621,-20.9005,-11.7134,0.141038,-0.0828222,0.00236183,0.00859621,-5.86587,-0.637832,-1.64624,-0.17376,0.775264,0.894319,-1.136,-1.36979,-3.72455,-3.54623,-2.76828,-0.333193,-0.0632792,-0.015489,-0.0329995,7.67827,4.45359,-0.057371,-0.269171,0.0167156,0.0317729,-0.812056,-0.056963,-0.107497,-0.0203909,0.0161889,0.0374649,-0.205147,-0.219442,-0.717921,-0.311788,-0.118128,-0.424332,-0.790536,-0.051647,-0.196519,0.375245,0.26902,0.814896,1.12299,0.0504203,0.197746,-3.92874,-0.898032,-1.94011,-0.233934,2.7574,2.05913,-1.95676,-5.50669,-16.6116,-9.95705,-5.22979,0.000290696,-0.00623774,-0.000138461,-3.19532e-24,28.7554,8.01927,0.152756,0.383642,0.000138461,-5.26689e-24,34.9048,-3.82486,15.5008,3.01049,-0.996339,-22.5503,8.24045,-63.5033,210.507,-44.5319,-34.489,0.0843031,-0.00801282,0.000757767,0.0030899,-52.0046,-15.4473,-0.23735,-0.369391,-0.000757767,-0.0030899,-6.60849,-1.23972,-2.48663,-0.258014,2.08097,1.37868,-2.6522,-3.61358,-10.9471,-6.45882,-3.00646,-0.615615,-0.0922579,-0.0243442,-0.0319661,19.4917,6.3371,-0.554361,-0.540653,0.0174861,0.0388242,0.638974,-0.0355142,0.139931,-0.0391952,0.0745712,0.0516099,-0.407272,-0.591151,-2.17133,-0.744697,-0.0204999,-0.884885,-1.16848,-0.0846452,-0.295539,1.28433,0.440456,2.05486,1.80139,0.0915033,0.288681,2.5858,-0.468327,0.542934,0.0666752,3.94273,7.5905,-1.81197,-5.49503,-9.90566,-29.1238,-44.2145,-0.0129667,-0.133578,-0.000718014,-1.34234e-23,35.8568,51.4267,0.0447443,1.55737,0.000718014,1.14158e-23,11.7251,-5.52991,7.38406,1.60973,-1.13929,-61.5246,5.94025,-59.8313,-44.5319,533.772,-267.128,-0.530353,-0.670373,-0.00739065,-0.033552,-66.3027,-94.5232,0.498575,-0.753424,0.00739065,0.033552,0.338817,-0.722092,-0.366799,-0.0760754,2.76199,5.97543,-1.95967,-3.7195,-6.91907,-18.3722,-26.0448,-1.97547,-0.525544,-0.113543,-0.37202,23.3377,34.1946,1.34798,-1.32375,0.158708,0.326855,0.583353,-0.022715,0.130037,0.0175099,0.0579478,0.234773,-0.467439,-0.608692,-1.31354,-1.0231,-1.58359,-1.85298,-5.93459,-0.343938,-1.45085,0.302638,1.7495,2.48046,7.78388,0.298773,1.49602,2.67188,-0.00447833,1.22296,0.226742,4.71191,49.6336,-0.833548,-4.71911,-5.16377,-44.3694,-421.056,-0.0207263,-1.45404,-0.00638824,-1.21087e-22,41.8565,418.529,0.0617198,16.336,0.00638824,-1.86247e-21,-14.0964,3.86324,-6.99338,-1.38784,-8.75737,-1.96306,-0.0125148,-8.28525,-34.489,-267.128,1306.84,-2.73581,-32.1937,-0.254033,-2.16975,-80.4667,-901.55,2.69482,17.3117,0.254033,2.16975,-0.202531,-0.309405,0.148031,0.051328,3.51555,31.6288,-1.01612,-3.16304,-3.75446,-25.8332,-302.563,-7.19586,-11.8253,-1.3062,-11.4645,24.3313,324.728,7.33662,-2.0608,1.99041,10.7802,0.102528,-0.0050912,0.0560113,0.0127997,0.0383823,1.23093,-0.287378,-0.67973,-0.9368,-0.791968,-28.8767,-1.99934,-63.936,-3.15057,-15.3207,0.061011,17.4788,1.85858,77.8221,2.46637,16.0049,-0.0130521,-0.00596311,-0.00177868,-0.000123814,0.0618006,0.184637,-0.0194523,-0.0624681,-0.121324,-0.331838,-0.689695,-0.00833633,-0.00120323,-1.11652e-05,-7.70612e-26,0.467388,0.776589,-0.059816,0.0307033,1.11652e-05,1.01015e-24,-0.43536,-0.0300915,-0.0550737,-0.0104216,-0.280202,-1.31285,0.023819,-0.185751,0.0843031,-0.530353,-2.73581,4.90702,0.619173,-0.000229902,0.0438686,2.31824,1.01072,-4.83886,-0.648673,0.000229902,-0.0438686,-0.066405,-0.0130745,-0.0218153,-0.00278611,0.032778,0.0889167,-0.0267135,-0.045142,-0.0952475,-0.204306,-0.402092,-0.0277091,-0.00852726,-0.00171982,-0.00657117,0.281705,0.497549,0.0200953,-0.0163258,0.0024235,0.00586749,-0.00220288,-0.000686804,0.000438159,-0.000182712,0.000623017,0.00235527,-0.00508673,-0.007972,-0.0197189,-0.010912,-0.0250789,-0.0202893,-0.0862789,-0.00477273,-0.0209978,0.00776966,0.0234451,0.0279032,0.111132,0.00406905,0.0217015,-0.0419787,-0.00170871,-0.00756761,-0.00028399,0.00944386,0.616984,-0.0043093,-0.0184809,-0.000757049,-0.32645,-5.3397,0.000312754,-0.466892,-0.000107955,1.63196e-24,0.669635,8.59366,0.00482245,-3.11615,0.000107955,1.35298e-22,-0.506225,-0.0579489,-0.180363,-0.0293202,-0.260808,-2.98284,-0.0294571,-0.154639,-0.00801282,-0.670373,-32.1937,0.619173,47.6451,-0.00399047,-0.677696,2.29854,27.1503,-0.624308,-44.062,0.00399047,0.677696,-0.0451724,-0.00593264,-0.0083847,-0.000530889,0.037934,0.410835,-0.0124143,-0.0338812,-0.0381228,-0.296468,-5.2807,-0.105258,-0.238358,-0.0244969,-0.233759,0.271005,5.63934,0.108237,-0.0257924,0.0371199,0.221136,-0.0101575,-0.000678177,-0.00107715,-2.32272e-06,0.000305194,0.0139827,-0.00362588,-0.0078178,-0.0102712,-0.00850044,-0.526443,-0.0221202,-1.22505,-0.0594193,-0.293133,0.000599807,0.291262,0.0191405,1.4892,0.0467964,0.305756,0.000611447,-2.41668e-05,0.00013344,1.99312e-05,0.00131925,0.013439,-0.00018499,-0.00079732,-0.00119265,-0.00618394,-0.0590538,-4.38298e-06,-0.000406652,-9.58845e-07,2.90857e-23,0.00654145,0.0602363,7.60829e-07,0.000860209,9.58845e-07,3.02029e-22,0.00337322,0.000824722,0.00368264,0.000845304,-0.00355781,-0.0486335,0.00116216,-0.00236183,0.000757767,-0.00739065,-0.254033,-0.000229902,-0.00399047,0.406523,-0.000278416,0.031172,0.232306,0.000233524,0.00353691,-0.406523,0.000278416,-0.000206718,-0.00013176,-0.00017365,-3.01642e-05,0.000463985,0.00350254,-0.000254671,-0.000534938,-0.000832173,-0.0036177,-0.0435961,-0.000994789,-0.00189357,-0.000200551,-0.00184594,0.00381987,0.0469718,0.000977408,-0.000299811,0.000302853,0.00174364,7.37216e-05,-7.82268e-06,1.06683e-05,-1.78278e-07,6.07466e-06,7.55198e-05,-5.58439e-05,-0.000108763,-0.000191035,-0.000131538,-0.00423188,-0.000298364,-0.00999667,-0.000488817,-0.0