#include "orpp/csv.hpp"
#include "Eigen/Dense"
#include "estimableseirfilter.hpp"
#include "hsingleseir.hpp"
#include "hfourseir.hpp"


struct program
{
    bool estimate;
    bool output;
    bool outputx0;
    bool estimatex0;
    bool estimatevars;
    bool grid;
    seirfilter::evalparams eep;
    seirfilter::evalparams oep;
    seirfilter::evalparams vep;
    double timest = 1;
    unsigned offset = 0;
    vector<seirparaminit> params;
    vector<double> x0;
    vector<double> v0;
};

program g =
{
    true, // bool estimate;
    true, //bool output;
    false, //bool outputx0;
    true,// bool estimatex0;
    false, // estimatevars
    false, // grid
    //    unsigned firstcomputedcontrasttime=1;
    // unsigned longpredlag = 1;
    // unsigned estoffset = 0;
    // bool longpredtocontrast = false;
    // bool longpredvars = false;
    // unsigned ds = 0;
    // unsigned additionalcontraxt

    {40,7, 0 , true, true, 0, 1e3 }, // eep
    {40,7, 0 , true, true, 100}, // oep
    {40,21, 0 , true,true}, // vep
    3*60, // time
    180, // offset
    {
        {"v",26,0,2000,true},// (-nan)
        {"ce",13.86086,0,200000,false},// (-nan)
        {"cd",198128,0,200000,false},// (-nan)
        {"cu",7984.89,0,200000,false},// (-nan)
        {"chospital",94.8807,0,1e+10,false},// (-nan)
        {"racoef",0.00894881,0,100,false},// (-nan)
        {"hcoef",0.0440444,0,100,false},// (-nan)
        {"gcoef",0.069311,0,100,false},// (-nan)
        {"dcoef",0.0348468,0,100,false},// (-nan)
        {"omega",1.13855,0,10,false},// (0.00180536)
        {"pdetcoef",2.91109,0,5,false},// (0.000699761)
        {"thetacoef",0.00430324,0,0.3,false},// (4.79915e-05)
        {"eta0",0.599999,0,0.6,false},// (0.00048152)
        {"theta0",0.036791,0,0.3,false},// (1.82074e-05)
        {"sigma",0.1787,0,1,true},// (0.000102741)
        {"varsigma",0.2212,0,1,true},// (7.80681e-05)
        {"ufactor",0.99966,0,1,false},// (0.00697003)
        {"vfactor",1,0,1,false},// (0.141812)
        {"gammas0",0.079,0,1,true},// (6.9194e-05)
        {"gammaa0",0.12,0,1,true},// (0.00074614)
        {"betafactor20",0.581247,0,6,false},// (0.00085974)
        {"iotas20",0.00463917,0,1,false},// (3.84633e-06)
        {"mus20",0.000120981,1e-10,1,false},// (1.69141e-06)
        {"gammah20",0.0607359,0,1,false},// (9.09599e-05)
        {"muh20",0.0208259,0,1,false},// (6.78418e-05)
    },
    {11725.7,1759.01,4755.83,1820.47,1395.16,33293.5,323.712,145.995,333.369,733.771,5743.53,47.7464,119.458,6.45025,35.7232,1643.46,10065.6,115.508,924.08,71.6217,301.49},
    {
    4.7574e+06,480187,1.65798e+06,594907,683913,1.07153e+06,14118.1,3764.84,-535.132,-2852.26,1991.64,-257.269,-122.322,-40.407,-39.5177,55016.4,-2108.29,257.269,122.322,40.407,39.5177,480187,238155,187572,60715.6,75206.8,285206,1026.84,3014.11,-1831.89,-2169.66,1375.81,-56.9787,-24.3612,-6.637,-7.87021,5531.41,-178.692,56.9787,24.3612,6.637,7.87021,1.65798e+06,187572,1.0593e+06,247231,264904,418023,5965.35,1221.63,45.9613,-1002.01,716.807,-110.363,-47.6185,-15.5065,-15.3838,22021.1,-820.859,110.363,47.6185,15.5065,15.3838,594907,60715.6,247231,154103,82672.4,131001,2251.06,285.195,97.928,-254.041,164.239,-11.2181,-10.6277,-4.39417,-3.43342,10027.8,-456.087,11.2181,10.6277,4.39417,3.43342,683913,75206.8,264904,82672.4,168983,159965,3448.54,429.363,14.4774,-219.559,205.445,-70.6357,-29.4364,-8.1757,-9.50982,7103.84,-243.314,70.6357,29.4364,8.1757,9.50982,1.07153e+06,285206,418023,131001,159965,8.43327e+06,3900.34,8179.01,-3993.55,-10324.8,10409,-424.427,-2368.93,-107.063,-765.317,11241.1,-3468.58,424.427,2368.93,107.063,765.317,14118.1,1026.84,5965.35,2251.06,3448.54,3900.34,12359.3,138.853,153.635,-43.8154,5.78691,-0.929779,-0.496782,-0.230083,-0.160492,238.76,-7.4727,0.929779,0.496782,0.230083,0.160492,3764.84,3014.11,1221.63,285.195,429.363,8179.01,138.853,903.195,-490.435,-565.47,216.561,-10.0341,-4.0946,-0.455416,-1.32282,10.7254,-5.16442,10.0341,4.0946,0.455416,1.32282,-535.132,-1831.89,45.9613,97.928,14.4774,-3993.55,153.635,-490.435,1121.25,-118.234,-275.037,-0.739527,-0.0116542,0.00487388,-0.00376504,11.5663,-1.2689,0.739527,0.0116542,-0.00487388,0.00376504,-2852.26,-2169.66,-1002.01,-254.041,-219.559,-10324.8,-43.8154,-565.47,-118.234,3554.79,-2784.77,-43.5096,-26.4624,-1.95493,-8.54904,-55.2465,-36.2559,43.5096,26.4624,1.95493,8.54904,1991.64,1375.81,716.807,164.239,205.445,10409,5.78691,216.561,-275.037,-2784.77,3822.02,-146.344,-607.982,-24.8021,-196.417,-139.448,-818.363,146.344,607.982,24.8021,196.417,-257.269,-56.9787,-110.363,-11.2181,-70.6357,-424.427,-0.929779,-10.0341,-0.739527,-43.5096,-146.344,135.06,49.5506,-0.135345,16.008,103.586,83.2784,-135.06,-49.5506,0.135345,-16.008,-122.322,-24.3612,-47.6185,-10.6277,-29.4364,-2368.93,-0.496782,-4.0946,-0.0116542,-26.4624,-607.982,49.5506,500.42,-0.208494,88.7256,67.0075,570.284,-49.5506,-500.42,0.208494,-88.7256,-40.407,-6.637,-15.5065,-4.39417,-8.1757,-107.063,-0.230083,-0.455416,0.00487388,-1.95493,-24.8021,-0.135345,-0.208494,27.5973,-0.0673569,4.05767,22.4556,0.135345,0.208494,-27.5973,0.0673569,-39.5177,-7.87021,-15.3838,-3.43342,-9.50982,-765.317,-0.160492,-1.32282,-0.00376504,-8.54904,-196.417,16.008,88.7256,-0.0673569,101.606,21.6477,184.238,-16.008,-88.7256,0.0673569,-101.606,55016.4,5531.41,22021.1,10027.8,7103.84,11241.1,238.76,10.7254,11.5663,-55.2465,-139.448,103.586,67.0075,4.05767,21.6477,14765.5,-9769.95,-103.586,-67.0075,-4.05767,-21.6477,-2108.29,-178.692,-820.859,-456.087,-243.314,-3468.58,-7.4727,-5.16442,-1.2689,-36.2559,-818.363,83.2784,570.284,22.4556,184.238,-9769.95,10831,-83.2784,-570.284,-22.4556,-184.238,257.269,56.9787,110.363,11.2181,70.6357,424.427,0.929779,10.0341,0.739527,43.5096,146.344,-135.06,-49.5506,0.135345,-16.008,-103.586,-83.2784,135.06,49.5506,-0.135345,16.008,122.322,24.3612,47.6185,10.6277,29.4364,2368.93,0.496782,4.0946,0.0116542,26.4624,607.982,-49.5506,-500.42,0.208494,-88.7256,-67.0075,-570.284,49.5506,500.42,-0.208494,88.7256,40.407,6.637,15.5065,4.39417,8.1757,107.063,0.230083,0.455416,-0.00487388,1.95493,24.8021,0.135345,0.208494,-27.5973,0.0673569,-4.05767,-22.4556,-0.135345,-0.208494,27.5973,-0.0673569,39.5177,7.87021,15.3838,3.43342,9.50982,765.317,0.160492,1.32282,0.00376504,8.54904,196.417,-16.008,-88.7256,0.0673569,-101.606,-21.6477,-184.238,16.008,88.7256,-0.0673569,101.606,},
};


program g4 =
{
    false, // bool estimate;
    true, //bool output;
    false, //bool outputx0;
    false,// bool estimatex0;
    false, // s
    false, // grid
    //    unsigned firstcomputedcontrasttime=1;
    // unsigned longpredlag = 1;
    // unsigned estoffset = 0;
    // bool longpredtocontrast = false;
    // bool longpredvars = false;
    // unsigned ds = 0;

    {40,7,0,true,false }, // eep
    {40,7,0,true, true, 120}, // oep
    {40,14,0,true, true,0, 100000}, // eep
    4* 60*60,
    180,
    // alpha = 0.179
    { // v version
      {"v",26,0,2000,true},// (0.203984)
      {"ce",9.9027,0,200000,false},// (0.0701557)
      {"cd",199985,0,200000,false},// (1.72853e+06)
      {"cu",6530.66,0,200000,false},// (31686.3)
      {"chospital",379.747,0,1e+10,false},// (19.7132)
      {"racoef",0.0117667,0,100,false},// (0.000362736)
      {"hcoef",0.0469177,0,100,false},// (0.00309814)
      {"gcoef",0.213019,0,100,false},// (0.00706436)
      {"dcoef",0.0304847,0,100,false},// (0.00227198)
      {"omega",1.73035,0,10,false},// (0.0023655)
      {"pdetcoef",2.94222,0,5,false},// (0.00111676)
      {"thetacoef",0.0317999,0,0.3,false},// (7.69067e-05)
      {"eta0",0.599947,0,0.6,false},// (0.000451149)
      {"theta0",0.0331522,0,0.3,false},// (3.11572e-05)
      {"sigma",0.1787,0,1,true},// (7.56763e-05)
      {"varsigma",0.2212,0,1,true},// (0.000130821)
      {"ufactor",0.99434,0,1,false},// (0.00730893)
      {"vfactor",0.237318,0,1,false},// (0.049685)
      {"gammas0",0.079,0,1,true},// (0.000121556)
      {"gammaa0",0.12,0,1,true},// (0.000739487)
      {"betafactor0",0.938939,0,6,false},// (0.00194111)
      {"iotas0",0.00140768,0,1,false},// (6.34799e-05)
      {"mus0",2.46915e-06,0,1,true},// (2.94098e-05)
      {"gammah0",0.999989,0,1,false},// (0.100187)
      {"muh0",1.27311e-22,0,1,true},// (0.00398755)
      {"betafactor20",1.0196,0,6,false},// (0.00173859)
      {"iotas20",0.00154584,0,1,false},// (1.51237e-05)
      {"mus20",3.24794e-05,0,1,false},// (6.93514e-06)
      {"gammah20",0.0781742,0,1,false},// (0.00071677)
      {"muh20",0.00454282,0,1,false},// (0.000167933)
      {"betafactor65",1.36522,0,10,false},// (0.0023247)
      {"iotas65",0.00663861,0,1,false},// (4.91933e-05)
      {"mus65",0.00150964,0,1,false},// (3.74685e-05)
      {"gammah65",0.0203022,0,1,false},// (0.00018544)
      {"muh65",0.0141364,0,1,false},// (0.000111561)
      {"betafactor80",2.92708,0,10,false},// (0.00515627)
      {"iotas80",0.103291,0,1,false},// (0.000360154)
      {"mus80",2.52731e-21,0,1,false},// (0.000191149)
      {"gammah80",0.146279,0,1,false},// (0.00105736)
      {"muh80",0.0503562,0,1,false},// (0.000361952)
      },

    {411.647,61.4069,181.659,51.0629,51.9562,1793.45,62.4237,28.4963,55.4267,139.077,1130.14,0.180634,7.74145,0.00401909,-5.10641e-22,235.275,1075.77,0.522281,16.2686,-0.00391459,-1.17399e-20,2302.67,330.469,1049.93,320.842,228.687,4762.27,324.132,131.098,266.79,539.182,4156.86,10.6269,32.7873,1.21614,2.33748,1558.51,9148.86,41.0645,454.944,6.71912,24.8966,372.956,51.4464,156.019,43.6041,35.2468,2827.15,54.5178,20.9178,44.8275,77.5733,666.544,10.0815,10.7866,16.3916,9.94529,150.105,821.527,66.3083,152.271,53.3714,78.7417,137.849,16.9667,36.5143,7.86435,2.08984,493.087,20.7366,9.98842,15.9868,16.6989,315.897,11.8627,109.871,1.07913e-17,62.6248,11.1672,72.9755,16.4645,266.778,1.25886e-17,159.955},
    {12818.5,299.266,1681.37,513.653,447.345,764.219,-5.8851,-27.711,-93.1728,-112.627,-105.889,-0.129447,-1.29171,-0.00421238,-2.52004e-22,223.259,136.251,0.510056,6.84892,0.00428423,6.06449e-22,10518.5,1182.5,7363.27,2197.95,2047.62,3271.94,101.405,26.1519,89.8757,62.4352,92.5875,0.675332,-0.0783051,0.00393434,0.0519458,-142.969,-103.574,-3.08071,-4.25081,0.0501576,-0.0846042,1692.66,129.202,452.94,82.9828,18.8625,49.5176,120.179,16.154,30.2232,20.9199,24.2582,0.890589,0.122486,0.368193,0.150751,-56.0055,-30.1849,-1.7523,0.016314,-0.654095,0.0310611,651.066,37.562,113.562,15.2179,-0.0422515,7.9894,38.0775,2.54166,5.32181,1.06719,0.950467,0.661775,1.33922,6.47325e-20,0.469347,-4.13085,-1.69761,0.181134,-1.78766,-6.70243e-20,-0.57523,299.266,1098.68,132.287,30.8015,46.1462,491.147,-7.46039,72.0641,-34.043,-39.6125,5.01819,-0.04637,-0.422274,-0.000947768,-5.68499e-23,-17.3082,17.2051,-0.146402,0.649709,0.000936381,7.52311e-23,1034.19,126.34,513.925,140.072,172.439,352.659,20.268,2.94438,-21.5864,-4.801,16.8386,0.0574658,0.0768811,0.00226849,0.0122914,22.0777,-13.4839,0.244511,-0.469349,0.0033569,-0.0123285,151.105,12.8887,43.2269,8.31893,2.09873,5.81022,10.822,1.51975,1.97484,1.99071,2.85599,0.102357,0.0148195,0.0436655,0.0181271,-4.30178,-3.38969,-0.170989,-0.00196241,-0.0685296,-0.00123646,59.5702,3.78006,10.8802,1.52337,0.0252608,1.04459,3.61584,0.25442,0.435007,0.0879055,0.121675,0.0590988,0.150512,7.34266e-21,0.0523354,-0.305932,-0.186019,0.0845694,-0.19243,-6.47377e-21,-0.0621183,1681.37,132.287,4312.47,378.474,203.907,361.395,-24.2223,-30.733,-49.4772,-73.3604,-73.6701,-0.0882112,-0.806149,-0.00256845,-1.58908e-22,147.572,91.9295,0.642644,4.74485,0.00260884,4.33826e-22,4157.2,430.936,1833.8,476.667,581.467,1050.74,166.701,31.7296,53.8915,55.4458,67.9373,0.599312,0.0259807,0.0144581,0.0435082,-120.49,-79.7905,-2.39252,-2.90235,0.0014289,-0.0621789,667.113,47.2871,163.446,28.7859,5.93421,16.5077,44.7562,5.81432,10.7043,8.03075,8.69313,0.328447,0.0427077,0.133922,0.0527315,-20.2077,-11.018,-0.651528,0.00926974,-0.239578,0.0149036,292.053,15.19,46.8121,6.00835,-0.0609396,2.90659,15.6112,0.952024,2.04,0.407554,0.339833,0.246307,0.488101,2.35348e-20,0.171542,-1.56703,-0.632903,0.194158,-0.65878,-2.55663e-20,-0.211482,513.653,30.8015,378.474,696.294,53.2482,96.3083,-30.1918,-15.7843,-38.2859,-26.1796,-23.6508,-0.0289707,-0.238017,-0.000799993,-4.99209e-23,81.9067,29.8754,-0.122601,1.42917,0.000823438,1.21589e-22,973.711,98.9547,348.018,75.0595,106.345,214.232,74.8114,15.4375,41.8477,21.9022,22.0644,0.209094,0.00946839,0.00560831,0.0136995,-73.2413,-27.1447,-0.550403,-0.880728,-0.00445066,-0.0182181,163.622,10.9409,37.4873,6.20436,1.14788,3.45129,10.9814,1.44486,2.98349,1.9604,2.0033,0.0781712,0.00968002,0.0311423,0.0119761,-5.45892,-2.57352,-0.168879,0.00351061,-0.0580518,0.00471246,76.9256,3.76843,11.7734,1.43911,-0.0269378,0.648811,3.97492,0.238852,0.540179,0.102009,0.0760276,0.0632559,0.115926,5.51176e-21,0.0407363,-0.441297,-0.149264,0.00392667,-0.155887,-6.4096e-21,-0.0500867,447.345,46.1462,203.907,53.2482,453.043,491.858,9.81845,-7.49517,-18.0434,-39.2223,-76.8401,-0.0506087,-0.944174,-0.00306434,-2.04105e-22,54.7547,84.9284,0.420051,5.56133,0.00309984,4.58685e-22,533.819,49.7988,151.425,26.171,-29.5288,-148.887,50.5671,12.2157,16.6493,35.6428,77.3251,0.655638,0.286278,0.0295667,0.0819063,-52.8771,-83.6165,-1.72351,-4.1361,-0.0266241,-0.0930196,102.227,8.12064,28.1242,5.13375,0.540133,1.20317,7.23481,0.756921,1.02709,0.605041,0.931331,0.0319818,0.00477218,0.0156493,0.00661993,-1.83162,-1.07575,-0.0789448,-0.010773,-0.0264388,0.000473811,52.5607,3.46102,10.1707,1.44199,-0.00992686,1.06764,3.34278,0.202449,0.349774,0.0028152,0.046013,-0.0065739,0.0191043,1.5269e-21,0.00531389,-0.225118,-0.0594652,0.167311,-0.0283628,-2.98629e-21,-0.0102172,764.219,491.147,361.395,96.3083,491.858,196650,-7.70296,164.04,-106.727,-387.567,-11074.4,-0.519664,-325.566,-0.712816,-4.99433e-20,106.178,10291.1,0.363696,1340.59,0.712783,3.37862e-20,597.996,58.5026,171.725,30.1724,-198.788,-113622,60.0341,22.6232,17.7777,92.9759,11763.1,2.59042,62.3373,3.31226,7.54645,-110.425,-10770.5,-2.41532,-1077.51,-3.32314,-7.54103,133.147,13.5916,41.4352,8.40294,2.54553,828.394,9.33136,1.66009,0.267234,-2.59364,-127.975,-0.551072,-6.61887,-4.3718,-8.13386,-0.25938,110.372,0.685252,25.629,4.33881,8.16504,71.153,5.95525,14.3714,2.14939,0.183507,856.383,4.7635,0.634883,0.31605,-0.288942,25.6828,-0.275065,-82.9038,-2.38388e-18,-26.1725,-0.296025,-6.15958,0.285455,63.7903,8.99334e-19,26.149,-5.8851,-7.46039,-24.2223,-30.1918,9.81845,-7.70296,991.124,47.5088,159.45,82.6108,35.1967,0.0827194,0.276692,0.00117952,7.26711e-23,-252.171,-60.2281,-1.22486,-3.06159,-0.00124176,-2.71588e-22,743.79,75.8747,457.841,151.848,165.2,270.321,-107.739,-37.0323,-149.684,-84.0291,-36.4054,-0.481503,0.0737916,-0.0140045,-0.0160603,246.08,61.1009,2.91255,1.40618,0.0265372,0.0280814,90.9236,7.77909,28.3235,6.18504,1.86021,4.19868,4.24464,0.102158,-1.67196,-0.410549,0.829635,0.0141645,0.00501615,0.0117971,0.00622981,2.4306,-0.63448,-0.000864604,-0.0130009,-0.00389004,-0.0091628,26.5957,1.7338,5.11365,0.801641,0.0522209,0.60905,1.35951,0.0320043,-0.0682047,-0.0603594,0.046014,-0.0366179,0.016461,1.448e-21,0.00453954,0.157095,-0.0221505,0.296138,-0.00726555,4.13314e-22,-0.00314035,-27.711,72.0641,-30.733,-15.7843,-7.49517,164.04,47.5088,102.487,11.6426,18.6131,84.4059,0.0230221,0.213051,0.00118172,7.88681e-23,-127.796,-84.876,-0.383709,-2.85317,-0.00121524,-2.10406e-22,125.597,13.4644,71.1115,24.7793,26.0914,76.6916,-36.9518,-16.5889,-59.4698,-69.6894,-62.9673,-0.675781,-0.176647,-0.0245423,-0.0466014,123.564,82.9656,1.7237,2.12727,0.0269698,0.0550009,11.1054,1.03018,3.90289,1.01769,0.509433,1.53086,-0.2545,-0.306525,-1.28082,-1.34903,-0.989389,-0.0547717,-0.00535968,-0.0186828,-0.00626818,2.59404,1.4494,0.0745976,-0.00790206,0.0320915,-0.00215072,1.91062,0.10889,0.320454,0.0624607,0.0192742,0.217388,-0.0284313,-0.0330648,-0.121321,-0.0839355,-0.0302168,-0.0579674,-0.0804015,-3.2873e-21,-0.0288195,0.133631,0.0810856,0.12713,0.105402,2.846e-21,0.0332284,-93.1728,-34.043,-49.4772,-38.2859,-18.0434,-106.727,159.45,11.6426,278.879,157.779,68.9945,0.169431,0.838819,0.00290699,1.78957e-22,-368.966,-133.355,-1.46245,-5.81821,-0.00298817,-5.17373e-22,237.986,2.10916,136.496,60.7602,39.4977,48.8584,-146.293,-55.0677,-197.465,-148.041,-87.8373,-1.01759,0.0179894,-0.0301578,-0.045816,355.055,130.198,4.23242,3.08653,0.0415474,0.065934,18.4846,0.769342,6.03325,1.93601,0.760704,1.10129,-2.66776,-1.33674,-4.55636,-3.27393,-1.89112,-0.0994981,-0.00823073,-0.0309466,-0.00958919,8.45806,2.95668,0.169045,-0.0255992,0.0723704,-0.01551,1.61631,-0.124973,0.160733,0.080928,0.0432118,0.0964381,-0.492003,-0.172741,-0.463423,-0.227014,-0.0657981,-0.147704,-0.157022,-6.48257e-21,-0.0576241,0.497257,0.187118,0.439126,0.229593,7.76889e-21,0.0717499,-112.627,-39.6125,-73.3604,-26.1796,-39.2223,-387.567,82.6108,18.6131,157.779,555.908,586.996,0.540034,8.52628,0.0204886,1.33803e-21,-501.864,-801.719,-0.862773,-24.0478,-0.0205293,-2.34131e-21,242.261,28.8957,147.087,45.962,62.384,190.14,-76.9229,-62.9529,-151.082,-395.541,-675.495,-5.41843,-3.93845,-0.258557,-0.578442,488.991,780.571,7.50725,17.7143,0.262956,0.602868,17.6208,1.42058,6.37206,1.55684,1.29347,3.79812,-0.957197,-1.51192,-3.37506,-8.41525,-15.2091,-0.645276,-0.110439,-0.271087,-0.129591,10.7389,17.8783,0.708272,0.00295921,0.337133,0.0828672,0.948973,-0.173058,-0.0389077,-0.020519,0.0107018,0.0430086,-0.261285,-0.184246,-0.31888,-0.383507,-0.600638,-0.331159,-0.94586,-4.02785e-20,-0.331063,0.374153,0.833962,0.396554,1.10936,1.98732e-20,0.35332,-105.889,5.01819,-73.6701,-23.6508,-76.8401,-11074.4,35.1967,84.4059,68.9945,586.996,21363.8,0.818,268.76,0.53958,3.66639e-20,-659.792,-21014.7,-1.06133,-698.86,-0.539612,-4.55449e-20,398.193,80.8713,215.792,59.0727,126.012,15679.3,-19.1463,-45.4741,-97.0705,-706.169,-20372.9,-17.8547,-289.735,-8.31156,-29.1868,638.02,20154.1,19.1623,718.715,8.29912,29.2092,33.3884,3.4562,10.9255,2.40073,2.83024,666.114,1.13103,-1.14163,-2.04385,-14.8206,-678.871,-4.28791,-17.5845,-13.1484,-20.9927,13.5607,680.975,4.41535,19.9444,13.2093,20.9486,6.21869,0.176925,0.941832,0.118798,-0.000356408,13.3484,0.181977,-0.167101,-0.150611,-0.335206,-13.9726,-0.45157,-29.48,-1.37305e-18,-9.71784,0.207582,16.8291,0.411279,27.1209,1.50469e-20,9.73405,-0.129447,-0.04637,-0.0882112,-0.0289707,-0.0506087,-0.519664,0.0827194,0.0230221,0.169431,0.540034,0.818,0.182321,0.0119046,2.83601e-05,1.85677e-24,-0.605946,-1.10173,-0.00459938,-0.0328321,-2.83969e-05,-3.21082e-24,0.325174,0.0437476,0.1741,0.0749579,0.0666004,0.277257,-0.0678275,-0.0712321,-0.159484,-0.516098,-0.934988,-0.00867002,-0.0056232,-0.000361324,-0.000790724,0.724606,1.07696,-0.127558,0.0222014,0.000388898,0.000727913,0.0259208,0.00198879,0.00932516,0.00242587,0.00175991,0.00535646,-0.00153,-0.00207476,-0.00484515,-0.0112387,-0.0211432,-0.000895458,-0.000154871,-0.000377644,-0.000181752,0.0149243,0.0246907,0.000999739,8.5926e-06,0.000466064,0.000119787,0.00316619,-9.08103e-05,0.00053042,8.09755e-05,1.00078e-05,7.40975e-05,-0.000242094,-0.000250842,-0.000438529,-0.000499933,-0.000832329,-0.000446885,-0.00130983,-5.57161e-23,-0.000457592,0.000542441,0.00113882,0.000605338,0.00152181,2.69149e-23,0.000485321,-1.29171,-0.422274,-0.806149,-0.238017,-0.944174,-325.566,0.276692,0.213051,0.838819,8.52628,268.76,0.0119046,17.6385,0.00932074,6.96346e-22,-6.89301,-277.125,-0.0115697,-11.9681,-0.00932044,-1.23659e-21,3.7219,0.837823,2.06334,0.568274,1.23967,144.582,-0.0974504,-0.455855,-0.856694,-8.18999,-270.8,-0.0852974,-4.10368,-0.108217,-0.325392,8.43466,277.537,-0.278971,-1.19043,0.112521,0.318641,0.28121,0.0296541,0.0966103,0.0219327,0.0318996,0.466527,0.00605932,-0.016989,-0.0248042,-0.192999,-9.16883,-0.0579846,-0.222854,-0.165097,-0.264823,0.177922,9.29041,0.0596622,0.157659,0.165914,0.264228,0.0366288,-0.000280543,0.00504602,0.000628616,-3.10321e-05,-0.704468,0.000215933,-0.00246153,-0.00189563,-0.00400353,-0.32272,-0.00574901,-0.460614,-1.87601e-20,-0.160318,0.00264354,0.263735,0.00508874,0.525825,1.63379e-21,0.160538,-0.00421238,-0.000947768,-0.00256845,-0.000799993,-0.00306434,-0.712816,0.00117952,0.00118172,0.00290699,0.0204886,0.53958,2.83601e-05,0.00932074,0.0162651,-5.03556e-22,-0.0171428,-0.538663,-2.69852e-05,-0.0177512,-0.0162309,-2.04627e-21,0.0108324,0.00219813,0.00610284,0.00171756,0.00396966,0.473694,-0.000792815,-0.00140844,-0.00299759,-0.0200581,-0.536098,-0.000486632,-0.0073391,-0.000213587,-0.000730112,0.0186562,0.533499,0.000490112,0.0157663,0.000213722,0.000730133,0.000796839,8.04357e-05,0.000265213,5.96621e-05,7.48266e-05,0.00616087,1.83496e-05,-3.68591e-05,-6.22189e-05,-0.000412039,-0.0170771,-0.00011457,-0.000418302,-0.000314278,-0.000497941,0.000389469,0.0172583,0.000117802,0.000359138,0.00031613,0.000496585,8.16686e-05,-3.40842e-06,7.80614e-06,6.11218e-07,-2.62331e-07,-0.00156648,-1.58407e-06,-6.04368e-06,-5.02159e-06,-9.06297e-06,-0.000522668,-1.2243e-05,-0.000715694,-3.19403e-23,-0.000246051,6.86442e-06,0.000476394,1.16103e-05,0.000775199,1.00065e-24,0.000246584,-2.52004e-22,-5.68499e-23,-1.58908e-22,-4.99209e-23,-2.04105e-22,-4.99433e-20,7.26711e-23,7.88681e-23,1.78957e-22,1.33803e-21,3.66639e-20,1.85677e-24,6.96346e-22,-5.03556e-22,1.55841e-21,-1.10307e-21,-3.6643e-20,-1.72434e-24,-1.21533e-21,-1.05255e-21,-1.36425e-40,9.34578e-22,1.73924e-22,4.94266e-22,1.34841e-22,3.27401e-22,2.20617e-20,-2.66278e-23,-1.08737e-22,-1.8654e-22,-1.25476e-21,-3.68039e-20,-7.17919e-25,-3.00546e-22,1.68169e-22,-1.76331e-22,1.28927e-21,3.66218e-20,-2.29131e-23,7.99155e-22,1.31636e-21,-1.3382e-21,7.70188e-23,8.16223e-24,2.49896e-23,5.35861e-24,4.3949e-24,-3.6736e-22,4.10679e-24,-6.91256e-25,-2.02783e-24,-1.75426e-23,-1.13065e-21,-6.17035e-24,-2.738e-23,-1.9773e-23,-3.24793e-23,1.5188e-23,1.14843e-21,6.24444e-24,1.49804e-23,1.98345e-23,3.24322e-23,1.38936e-23,4.37092e-25,2.14687e-24,2.76451e-25,-2.11119e-26,-1.50848e-22,5.38314e-25,-2.44896e-25,-1.15834e-25,-3.02797e-25,-4.46525e-23,-4.58393e-25,-4.93499e-23,-1.97253e-42,-1.76367e-23,2.10176e-25,3.2724e-23,4.89873e-25,6.17601e-23,2.58658e-43,1.76562e-23,223.259,-17.3082,147.572,81.9067,54.7547,106.178,-252.171,-127.796,-368.966,-501.864,-659.792,-0.605946,-6.89301,-0.0171428,-1.10307e-21,977.285,702.078,-0.607137,5.14808,0.0172024,1.31219e-23,-495.739,-30.7536,-294.907,-117.768,-101.912,-266.169,248.019,116.578,371.847,495.205,637.698,4.73178,4.26995,0.239783,0.407141,-844.782,-783.486,-3.19419,-3.77695,-0.299736,-0.371046,-34.9595,-2.25177,-12.7539,-3.8842,-2.1775,-5.67687,4.40896,2.834,8.65355,10.758,14.0468,0.63094,0.095112,0.249822,0.111688,-19.3695,-17.5181,-0.780993,0.0282896,-0.353483,-0.0442124,-0.894716,0.308771,0.0391599,-0.0836758,-0.0729919,-0.415273,0.919938,0.352862,0.861622,0.589242,0.527038,0.448372,0.933133,3.93104e-20,0.32927,-0.949419,-0.873978,-0.88317,-1.14488,-2.52869e-20,-0.363503,136.251,17.2051,91.9295,29.8754,84.9284,10291.1,-60.2281,-84.876,-133.355,-801.719,-21014.7,-1.10173,-277.125,-0.538663,-3.6643e-20,702.078,21229.7,1.14841,380.851,0.538654,1.11653e-20,-452.449,-85.6668,-250.49,-70.1475,-138.497,-14514.7,41.7652,63.77,139.31,808.459,20140.8,17.9013,289.528,8.25058,28.1364,-780.663,-20268.7,-17.7485,-393.511,-8.2711,-28.1239,-37.1285,-3.6919,-12.3208,-2.74604,-3.12353,-650.151,-0.762973,1.62181,3.02924,17.234,683.176,4.45825,17.5768,13.1938,20.9816,-16.7064,-686.105,-4.6027,-19.8303,-13.2746,-20.9233,-6.19187,-0.102459,-0.872376,-0.103106,-0.00221733,-16.1336,-0.088479,0.224399,0.245566,0.448912,14.2259,0.548076,30.171,1.39618e-18,9.95841,-0.318545,-17.0743,-0.525191,-27.9362,-2.5066e-20,-9.98148,0.510056,-0.146402,0.642644,-0.122601,0.420051,0.363696,-1.22486,-0.383709,-1.46245,-0.862773,-1.06133,-0.00459938,-0.0115697,-2.69852e-05,-1.72434e-24,-0.607137,1.14841,3.47235,0.008308,2.64687e-05,4.29464e-25,-1.39083,0.047764,-0.992469,-0.13327,-0.484719,-0.377745,1.35947,0.407999,1.59539,0.779382,1.08765,-0.016655,0.00697948,0.000362977,0.0011221,-0.00337443,-1.18751,-2.6849,-0.0516557,-2.99051e-05,-0.00283938,-0.0925158,-0.00667787,-0.0317536,-0.0103667,-0.00318681,-0.00875811,0.00425911,0.0028384,0.0108547,0.00975662,0.0203315,0.000873313,0.000151148,0.000365943,0.000177417,-0.0236334,-0.0232283,-0.00123147,-1.03014e-05,-0.000463067,-0.000117875,-0.00702277,-0.000102802,-0.00355239,-0.00072312,-1.46973e-05,7.96718e-05,0.000644854,0.000441234,0.00100734,0.000427538,0.000792592,0.000450934,0.00126199,5.31658e-23,0.00043726,-0.00145916,-0.00104587,-0.00162719,-0.00137966,-2.81635e-23,-0.000443068,6.84892,0.649709,4.74485,1.42917,5.56133,1340.59,-3.06159,-2.85317,-5.81821,-24.0478,-698.86,-0.0328321,-11.9681,-0.0177512,-1.21533e-21,5.14808,380.851,0.008308,357.607,0.017747,3.86655e-20,-17.8118,-2.87694,-10.1859,-2.7721,-7.79378,-1344.19,2.4561,2.593,6.06743,23.9418,692.224,2.44698,4.13874,0.242769,1.63971,-5.51174,-373.883,-8.83399,-343.161,-0.173316,-1.75503,-1.36899,-0.145361,-0.437744,-0.0906589,-0.0651431,-16.9735,-0.0870619,-0.00411696,0.0136573,0.166409,9.02791,0.0613063,0.260055,0.192457,0.310512,-0.126612,-9.07437,-0.0609376,-0.269031,-0.192949,-0.310091,-0.142954,7.66251e-05,-0.0160533,-0.00151382,0.000760415,3.5861,-0.00384139,0.00335797,0.000650597,0.00185155,0.243033,0.00338158,0.0274867,6.71354e-21,0.0106105,-0.00173125,-0.254745,-0.00416162,-0.0188714,2.71403e-21,-0.0108277,0.00428423,0.000936381,0.00260884,0.000823438,0.00309984,0.712783,-0.00124176,-0.00121524,-0.00298817,-0.0205293,-0.539612,-2.83969e-05,-0.00932044,-0.0162309,-1.05255e-21,0.0172024,0.538654,2.64687e-05,0.017747,0.016345,-7.84059e-21,-0.0108915,-0.00219527,-0.00614779,-0.00174287,-0.00398691,-0.473732,0.000860296,0.00142974,0.00308119,0.0201015,0.536101,0.000486589,0.00733921,0.000213587,0.000730076,-0.018795,-0.533518,-0.000489225,-0.0157631,-0.000213739,-0.000730082,-0.000796521,-8.01825e-05,-0.000265692,-6.01849e-05,-7.51127e-05,-0.00616143,-1.65843e-05,3.74139e-05,6.42437e-05,0.000413018,0.017077,0.000114578,0.000418299,0.000314276,0.000497937,-0.000392867,-0.0172585,-0.000117846,-0.000359128,-0.000316143,-0.000496573,-7.81708e-05,3.69614e-06,-7.13781e-06,-5.5505e-07,2.40229e-07,0.00156644,2.0502e-06,6.12243e-06,5.24519e-06,9.1403e-06,0.000522657,1.22888e-05,0.000715706,3.19407e-23,0.000246056,-7.09473e-06,-0.000476426,-1.17844e-05,-0.000775231,-1.00309e-24,-0.000246594,6.06449e-22,7.52311e-23,4.33826e-22,1.21589e-22,4.58685e-22,3.37862e-20,-2.71588e-22,-2.10406e-22,-5.17373e-22,-2.34131e-21,-4.55449e-20,-3.21082e-24,-1.23659e-21,-2.04627e-21,-1.36425e-40,1.31219e-23,1.11653e-20,4.29464e-25,3.86655e-20,-7.84059e-21,9.8951e-21,-9.07711e-22,-1.68675e-22,-6.1087e-22,-1.66436e-22,-4.93748e-22,-3.71599e-20,2.61516e-22,1.84185e-22,5.32979e-22,2.43734e-21,4.45639e-20,3.42987e-22,1.17425e-21,7.95055e-22,-2.38635e-22,-7.74971e-23,-9.99552e-21,-1.08507e-21,-3.79782e-20,8.8721e-21,-9.52748e-21,-5.31577e-23,-5.62535e-24,-1.83958e-23,-3.96801e-24,-6.99393e-24,-3.52379e-21,-1.34432e-24,3.7101e-24,4.93694e-24,4.07813e-23,1.76758e-21,1.16091e-23,4.44425e-23,3.52089e-23,5.33778e-23,-3.72083e-23,-1.74864e-21,-1.19497e-23,-7.53186e-23,-3.53929e-23,-5.32424e-23,8.54587e-24,1.37004e-24,2.29978e-24,3.75122e-25,4.67542e-26,-3.99646e-22,9.78978e-25,6.27737e-25,4.42536e-25,8.25358e-25,3.44645e-24,1.19964e-24,1.07488e-22,5.48061e-42,3.36219e-23,-5.80521e-25,-3.55741e-23,-9.71418e-25,-7.66369e-23,1.92846e-43,-3.36747e-23,10518.5,1034.19,4157.2,973.711,533.819,597.996,743.79,125.597,237.986,242.261,398.193,0.325174,3.7219,0.0108324,9.34578e-22,-495.739,-452.449,-1.39083,-17.8118,-0.0108915,-9.07711e-22,215009,1297.06,31645.1,14640.1,18911.8,32044.8,-8234.05,-570.748,-251.119,-527.812,-644.971,-6.5067,-5.34518,-0.515977,-0.734933,1271.83,792.361,1.35235,18.4305,1.08629,0.572779,12028,1063.78,3571.7,668.7,155.717,451.877,983.134,152.994,277.789,204.869,259.217,9.50742,1.35445,3.95005,1.66912,-536.21,-315.757,-17.2348,-0.117312,-6.74129,0.098899,4265.03,279.796,809.447,111.768,0.0249238,66.4218,280.769,22.1163,44.1278,10.5734,9.49141,7.10547,14.329,6.86678e-19,4.95855,-35.7089,-16.8664,-4.3345,-18.2846,-6.12874e-19,-5.94335,1182.5,126.34,430.936,98.9547,49.7988,58.5026,75.8747,13.4644,2.10916,28.8957,80.8713,0.0437476,0.837823,0.00219813,1.73924e-22,-30.7536,-85.6668,0.047764,-2.87694,-0.00219527,-1.68675e-22,1297.06,28209.4,489.339,311.258,1700.35,14632.6,-1558.52,1787.39,-1384.2,-1053.66,465.713,-6.34539,-3.29154,-0.265693,-0.346753,58.5046,144.332,5.47557,5.39784,0.265372,0.344283,1375.69,140.241,447.671,92.8181,27.2139,86.9611,102.351,17.4469,11.8068,21.8545,49.4362,1.63984,0.286025,0.748104,0.349416,-38.2457,-54.2168,-2.27563,-0.191255,-1.01192,-0.160506,470.176,34.9774,94.0367,14.047,0.581926,13.2376,30.9388,2.60652,3.23942,0.75698,1.95557,0.680073,2.45468,1.20173e-19,0.83059,-2.10481,-2.60481,1.03811,-2.82154,-6.86426e-20,-0.931406,7363.27,513.925,1833.8,348.018,151.425,171.725,457.841,71.1115,136.496,147.087,215.792,0.1741,2.06334,0.00610284,4.94266e-22,-294.907,-250.49,-0.992469,-10.1859,-0.00614779,-6.1087e-22,31645.1,489.339,109126,7643.39,7014.99,12923.2,-2605.18,-555.875,96.8522,-147.579,-435.385,-3.03667,-2.49266,-0.231654,-0.352985,645.728,429.903,5.36568,9.43487,0.463218,0.291289,9151.28,590.005,2025.58,342.504,62.5971,206.461,568.403,76.2325,137.531,108.125,133.055,4.96031,0.692972,2.05899,0.855679,-267.44,-163.545,-8.78243,-0.0616209,-3.48757,0.0540003,3345.61,162.54,502.295,62.2989,-0.953758,30.8609,168.758,10.9578,23.0271,5.4576,4.80095,3.6087,7.44052,3.56347e-19,2.57743,-18.6108,-8.73772,0.18926,-9.53108,-3.18613e-19,-3.09336,2197.95,140.072,476.667,75.0595,26.171,30.1724,151.848,24.7793,60.7602,45.962,59.0727,0.0749579,0.568274,0.00171756,1.34841e-22,-117.768,-70.1475,-0.13327,-2.7721,-0.00174287,-1.66436e-22,14640.1,311.258,7643.39,18432,1591.42,3113.85,-436.769,-184.496,-30.4299,-27.1592,-128.187,-0.578011,-0.613476,-0.0565784,-0.0922004,275.363,116.507,-3.73891,2.75199,0.112895,0.0875849,2797.97,165.883,568.867,86.5977,12.8409,49.1359,175.884,23.4951,51.5977,31.8387,35.7847,1.38667,0.184275,0.557459,0.22749,-93.737,-44.8898,-2.75739,0.0254326,-1.01193,0.0478629,1031.07,46.3475,146.084,16.6838,-0.523281,7.33312,50.5138,3.31807,7.67884,1.70089,1.23623,1.15474,2.0949,9.8326e-20,0.727591,-6.80464,-2.42254,-1.26404,-2.69168,-9.65051e-20,-0.872952,2047.62,172.439,581.467,106.345,-29.5288,-198.788,165.2,26.0914,39.4977,62.384,126.012,0.0666004,1.23967,0.00396966,3.27401e-22,-101.912,-138.497,-0.484719,-7.79378,-0.00398691,-4.93748e-22,18911.8,1700.35,7014.99,1591.42,10199,9392.78,989.743,22.4044,-87.1013,-91.6514,-165.254,-1.61249,-0.881462,-0.124549,-0.181052,151.96,182.998,5.44967,6.57596,0.379504,0.111294,2649.3,226.117,765.25,143.379,21.4629,70.5095,193.529,22.8054,26.5692,16.0112,37.1072,1.10976,0.205284,0.566421,0.276343,-50.8146,-39.8976,-2.3818,-0.483585,-0.862811,-0.0945866,929.421,60.2152,178.516,25.211,-0.380122,13.6205,58.7269,3.45221,6.31462,0.284514,0.86399,0.162751,1.33866,7.93472e-20,0.390967,-4.13578,-1.63371,2.84481,-1.30259,-5.79909e-20,-0.492188,3271.94,352.659,1050.74,214.232,-148.887,-113622,270.321,76.6916,48.8584,190.14,15679.3,0.277257,144.582,0.473694,2.20617e-20,-266.169,-14514.7,-0.377745,-1344.19,-0.473732,-3.71599e-20,32044.8,14632.6,12923.2,3113.85,9392.78,1.66102e+06,718.683,5163.66,-2694.95,-8422.29,-4861,-154.99,-3928.66,-101.322,-381.805,127.495,9553.02,151.776,5127.86,100.71,382.037,4288.33,479.949,1409.03,294.222,132.294,40240.6,306.316,68.4365,3.8188,-69.7023,-116.432,-26.0262,-152.609,-99.0541,-185.49,-31.9065,-72.006,25.655,393.04,98.0774,186.231,1428,111.173,279.586,41.1156,2.59849,3097.17,91.7559,10.371,6.16869,-4.45213,286.279,-3.58258,-282.417,-3.60152e-18,-76.4156,-5.16437,-39.0746,6.09261,40.7042,2.01146e-19,75.9983,101.405,20.268,166.701,74.8114,50.5671,60.0341,-107.739,-36.9518,-146.293,-76.9229,-19.1463,-0.0678275,-0.0974504,-0.000792815,-2.66278e-23,248.019,41.7652,1.35947,2.4561,0.000860296,2.61516e-22,-8234.05,-1558.52,-2605.18,-436.769,989.743,718.683,22198.9,243.514,344.138,130.385,0.92771,0.973184,-0.0233963,0.00832667,0.0123922,-527.204,-61.5112,-4.93942,-0.96651,0.00381683,-0.0342112,-64.4483,13.2728,84.5455,43.2154,21.4529,40.1135,-68.9092,-20.9659,-89.7264,-42.7217,-9.7087,-0.843514,-0.0188273,-0.1694,-0.0184453,148.294,24.3232,2.26027,-0.463619,0.805119,-0.33238,-37.3603,3.76557,10.4633,4.70583,1.3705,7.086,-7.02285,-2.30934,-8.39986,-3.3266,-0.0921869,-2.08362,-1.43898,-5.21674e-20,-0.550685,9.50038,1.79887,8.52944,2.40321,1.02535e-19,0.739092,26.1519,2.94438,31.7296,15.4375,12.2157,22.6232,-37.0323,-16.5889,-55.0677,-62.9529,-45.4741,-0.0712321,-0.455855,-0.00140844,-1.08737e-22,116.578,63.77,0.407999,2.593,0.00142974,1.84185e-22,-570.748,1787.39,-555.875,-184.496,22.4044,5163.66,243.514,1688.89,-999.503,-1093.2,775.645,-8.39381,-5.64049,-0.329767,-0.51566,-231.429,-114.816,6.8971,4.13568,0.23602,0.538363,-16.6778,0.76424,13.739,9.35009,8.91153,30.0481,-27.375,-10.5303,-35.7448,-38.5655,-27.6121,-1.53641,-0.135616,-0.516244,-0.157073,73.5619,40.6448,2.13529,-0.266569,0.902194,-0.0881716,-9.141,0.28698,0.254779,0.644341,0.49507,5.51035,-3.2363,-0.998201,-3.38394,-2.33711,-0.894756,-1.65352,-2.27261,-9.40808e-20,-0.819356,3.66392,2.31267,3.26128,3.01251,8.12608e-20,0.94489,89.8757,-21.5864,53.8915,41.8477,16.6493,17.7777,-149.684,-59.4698,-197.465,-151.082,-97.0705,-0.159484,-0.856694,-0.00299759,-1.8654e-22,371.847,139.31,1.59539,6.06743,0.00308119,5.32979e-22,-251.119,-1384.2,96.8522,-30.4299,-87.1013,-2694.95,344.138,-999.503,1603.79,766.037,-230.922,4.43938,1.43943,0.150805,0.188653,-764.586,-231.179,-8.52682,-4.72169,-0.158264,-0.209712,0.92856,-23.7503,12.8371,23.6865,12.6519,8.49072,-109.65,-40.6956,-129.309,-93.2997,-59.6308,-2.99614,-0.266429,-0.965737,-0.31002,241.34,89.6639,5.05604,-0.716076,2.14866,-0.409282,8.29554,-2.38915,5.58492,2.91474,1.19665,3.6302,-12.9,-4.63752,-12.5569,-6.31263,-2.07537,-4.24395,-4.7745,-2.01129e-19,-1.74383,13.7208,5.48063,12.3185,6.81466,2.17756e-19,2.13421,62.4352,-4.801,55.4458,21.9022,35.6428,92.9759,-84.0291,-69.6894,-148.041,-395.541,-706.169,-0.516098,-8.18999,-0.0200581,-1.25476e-21,495.205,808.459,0.779382,23.9418,0.0201015,2.43734e-21,-527.812,-1053.66,-147.579,-27.1592,-91.6514,-8422.29,130.385,-1093.2,766.037,2718.79,-197.131,27.0414,25.5289,1.30142,2.65963,-822.725,-1355.95,-28.4365,-39.585,-1.18046,-2.72762,-36.3653,-16.5471,3.42395,6.67967,21.0217,41.1682,-62.9037,-48.097,-93.7284,-235.746,-427.145,-17.8987,-3.02174,-7.51185,-3.54771,303.734,500.492,20.346,0.0596577,9.38283,2.24075,-10.5541,-1.47081,-0.972506,0.144445,0.800791,14.1151,-6.28594,-4.11426,-8.47683,-10.7964,-15.9765,-9.6064,-27.0777,-1.15415e-18,-9.45131,9.99118,23.1191,10.6224,31.418,5.44338e-19,10.0411,92.5875,16.8386,67.9373,22.0644,77.3251,11763.1,-36.4054,-62.9673,-87.8373,-675.495,-20372.9,-0.934988,-270.8,-0.536098,-3.68039e-20,637.698,20140.8,1.08765,692.224,0.536101,4.45639e-20,-644.971,465.713,-435.385,-128.187,-165.254,-4861,0.92771,775.645,-230.922,-197.131,36355.1,8.07167,409.243,11.5557,40.6883,-1098.24,-35182.2,-9.6787,-829.798,-11.6997,-40.6506,-22.0898,-3.37016,8.71515,5.95606,44.0202,6449.94,-31.4554,-44.109,-56.1036,-382.971,-12863.5,-102.15,-307.118,-238.205,-366.322,367.658,12961.5,107.262,319.064,239.908,365.152,-7.8501,0.198526,-0.470446,0.162169,0.73429,1216.71,-2.97344,-3.03932,-5.08503,-9.94419,-288.169,-13.0626,-763.335,-3.15767e-17,-255.356,5.59579,315.479,10.1597,750.985,2.91281e-18,255.728,0.675332,0.0574658,0.599312,0.209094,0.655638,2.59042,-0.481503,-0.675781,-1.01759,-5.41843,-17.8547,-0.00867002,-0.0852974,-0.000486632,-7.17919e-25,4.73178,17.9013,-0.016655,2.44698,0.000486589,3.42987e-22,-6.5067,-6.34539,-3.03667,-0.578011,-1.61249,-154.99,0.973184,-8.39381,4.43938,27.0414,8.07167,10.249,-0.367343,0.0337501,0.0218171,-2.866,-26.2475,-8.2443,-3.67568,-0.0143677,-0.0655977,-0.46625,-0.0961981,-0.0273867,0.0275454,0.262076,0.987568,-0.300869,-0.393251,-0.503626,-2.78307,-10.1745,-0.384315,-0.0921146,-0.182916,-0.108854,2.84585,11.0109,0.421145,0.0454611,0.198861,0.097661,-0.14225,-0.00746412,-0.0173495,-0.000685745,0.00475466,0.26962,-0.027491,-0.0278233,-0.0422322,-0.0836596,-0.368064,-0.102928,-0.595791,-2.47836e-20,-0.203914,0.0534317,0.433866,0.0833607,0.644163,8.15196e-21,0.207784,-0.0783051,0.0768811,0.0259807,0.00946839,0.286278,62.3373,0.0737916,-0.176647,0.0179894,-3.93845,-289.735,-0.0056232,-4.10368,-0.0073391,-3.00546e-22,4.26995,289.528,0.00697948,4.13874,0.00733921,1.17425e-21,-5.34518,-3.29154,-2.49266,-0.613476,-0.881462,-3928.66,-0.0233963,-5.64049,1.43943,25.5289,409.243,-0.367343,82.2981,0.948359,2.93225,-3.04338,-427.521,-1.26869,-80.6708,-0.922091,-2.96786,-0.41118,-0.0479755,-0.0755681,-0.00457061,0.249922,-74.5416,-0.0994878,-0.246368,-0.171381,-2.58786,-181.887,-1.09505,-4.13896,-3.0908,-4.9193,2.26623,183.777,1.12871,2.94994,3.09901,4.9137,-0.149671,-0.00885767,-0.0237712,-0.00255395,0.00326568,5.46386,-0.0169534,-0.0184361,-0.0188757,-0.0459247,-5.73094,-0.0771904,-10.7222,-4.19592e-19,-3.70024,0.0166844,4.63817,0.0528443,11.9033,6.40265e-20,3.70166,0.00393434,0.00226849,0.0144581,0.00560831,0.0295667,3.31226,-0.0140045,-0.0245423,-0.0301578,-0.258557,-8.31156,-0.000361324,-0.108217,-0.000213587,1.68169e-22,0.239783,8.25058,0.000362977,0.242769,0.000213587,7.95055e-22,-0.515977,-0.265693,-0.231654,-0.0565784,-0.124549,-101.322,0.00832667,-0.329767,0.150805,1.30142,11.5557,0.0337501,0.948359,1.20427,0.0879908,-0.243877,-12.3575,-0.0290189,-1.06663,-1.14789,-0.108765,-0.0456728,-0.00622436,-0.0100012,-0.000901778,0.0132078,-1.37862,-0.0123351,-0.0172801,-0.0181268,-0.142367,-5.1016,-0.0393761,-0.113019,-0.0876944,-0.134397,0.135978,5.16769,0.0412526,0.0863986,0.0883397,0.133948,-0.0150453,-0.00098068,-0.00252542,-0.000298703,0.000204565,0.186789,-0.00165576,-0.00126955,-0.00167256,-0.00344359,-0.154339,-0.00477054,-0.298573,-1.19011e-20,-0.102509,0.00189974,0.133244,0.00358736,0.325037,1.74999e-21,0.102651,0.0519458,0.0122914,0.0435082,0.0136995,0.0819063,7.54645,-0.0160603,-0.0466014,-0.045816,-0.578442,-29.1868,-0.000790724,-0.325392,-0.000730112,-1.76331e-22,0.407141,28.1364,0.0011221,1.63971,0.000730076,-2.38635e-22,-0.734933,-0.346753,-0.352985,-0.0922004,-0.181052,-381.805,0.0123922,-0.51566,0.188653,2.65963,40.6883,0.0218171,2.93225,0.0879908,5.25298,-0.25241,-41.4106,-0.0725433,-4.27917,-0.128168,-5.17459,-0.0591424,-0.00669738,-0.0131509,-0.00153962,0.0238852,-7.23036,-0.011678,-0.0244818,-0.0176583,-0.251947,-17.5924,-0.105988,-0.400239,-0.298909,-0.475696,0.221995,17.7758,0.10928,0.285148,0.29972,0.475143,-0.0181487,-0.00101766,-0.00289912,-0.000318885,0.000335327,0.531682,-0.00190054,-0.00181165,-0.00194071,-0.00454939,-0.554381,-0.0075486,-1.03751,-4.05966e-20,-0.358047,0.00172553,0.4487,0.00519277,1.15185,6.2002e-21,0.358189,-142.969,22.0777,-120.49,-73.2413,-52.8771,-110.425,246.08,123.564,355.055,488.991,638.02,0.724606,8.43466,0.0186562,1.28927e-21,-844.782,-780.663,-0.00337443,-5.51174,-0.018795,-7.74971e-23,1271.83,58.5046,645.728,275.363,151.96,127.495,-527.204,-231.429,-764.586,-822.725,-1098.24,-2.866,-3.04338,-0.243877,-0.25241,2261.49,701.62,-25.3649,1.56132,-0.0873524,0.330776,62.2478,35.2525,-25.9588,-38.2989,-37.6153,-82.6078,184.44,85.1766,233.188,299.603,392.629,17.4417,2.57822,6.8951,3.02469,-532.392,-488.111,-21.9508,0.887727,-9.78169,-1.14426,16.1931,3.40112,-4.25817,-3.66988,-2.28365,-21.299,21.1669,8.53266,22.1226,16.2785,14.2152,12.7309,26.443,1.11919e-18,9.32209,-24.6457,-24.1824,-23.2909,-32.2311,-6.86402e-19,-10.2454,-103.574,-13.4839,-79.7905,-27.1447,-83.6165,-10770.5,61.1009,82.9656,130.198,780.571,20154.1,1.07696,277.537,0.533499,3.66218e-20,-783.486,-20268.7,-1.18751,-373.883,-0.533518,-9.99552e-21,792.361,144.332,429.903,116.507,182.998,9553.02,-61.5112,-114.816,-231.179,-1355.95,-35182.2,-26.2475,-427.521,-12.3575,-41.4106,701.62,36088,25.8135,523.559,12.2349,41.4511,35.2495,9.57346,-7.8556,-7.29126,-48.8991,-6462.84,50.2679,58.8403,83.7902,451.197,12985.6,107.163,308.004,240.339,367.362,-457.135,-13104.5,-112.936,-319.14,-242.604,-365.796,11.5282,0.447073,0.934031,