#include "orpp/csv.hpp"
#include "Eigen/Dense"
#include "estimableseirfilter.hpp"
#include "hsingleseir.hpp"
#include "hfourseir.hpp"


struct program
{
    bool estimate;
    bool output;
    bool outputx0;
    bool estimatex0;
    seirfilter::evalparams eep;
    seirfilter::evalparams oep;
    double timest = 1;
    unsigned offset = 0;
    vector<seirparaminit> params;
    vector<double> x0;
    vector<double> v0;
};

program g =
{
    false, // bool estimate;
    true, //bool output;
    false, //bool outputx0;
    true,// bool estimatex0;
    {40,7, 0 , true}, // ep
    {40,7, 0 /*320-226*/, true}, // ep
    3*60, // time
    180, // offset
    {{"omega",1.60044,0,2,false},// (0.000410361)
    {"eta",0,0,1,true},// (0.000798692)
    {"theta",0,0,0.3,true},// (8.54941e-05)
    {"eta0",0.468368,0,0.6,false},// (0.000302254)
    {"theta0",0.0465309,0,0.3,false},// (4.05152e-05)
    {"alpha",0.179,0,1,true},// (0.00101034)
    {"sigma",0.1787,0,1,true},// (6.81033e-05)
    {"varsigma",0.2212,0,1,true},// (0.000332293)
    {"betafactor",1.16028,0,4,false},// (0.000449421)
    {"gammas",0.079,0,1,true},// (7.29522e-05)
    {"gammaa",0.12,0,1,true},// (0.000425228)
    {"iotas",0.00781116,0,1,false},// (3.27179e-06)
    {"mus",0.000153242,0,1,false},// (2.398e-06)
    {"gammah",0.0762081,0,1,false},// (8.77409e-05)
    {"muh",0.0202448,0,1,false},// (4.2236e-05)
    },
    {7340.11,756.524,2620.04,1721.14,0,13860.3,694.161,165.109,389.055,796.663,5929.77,54.5302,365.043,18.4155,52.6417,1773.79,10423.1,101.545,1386.16,59.6565,284.572},
    {105666,7430.91,26638.2,12800.4,0,5475.82,5301.87,40.0159,-23.4814,-42.313,27.7002,-1.19813,-0.542512,-0.0369384,-0.144192,-1.31289,-0.608882,1.19813,0.542512,0.0369384,0.144192,7430.91,1697.44,2499.53,1159.3,0,758.451,543.381,33.2917,-23.8058,-23.257,14.5187,-0.485,-0.196071,-0.0143687,-0.0521127,-0.527871,-0.219681,0.485,0.196071,0.0143687,0.0521127,26638.2,2499.53,12096.6,4406.96,0,1889.27,1944.82,0.829292,2.2975,-8.57409,6.00359,-0.33969,-0.162674,-0.0106925,-0.0432363,-0.373672,-0.18262,0.33969,0.162674,0.0106925,0.0432363,12800.4,1159.3,4406.96,4246.52,0,1167.09,942.977,-10.1399,8.58125,3.26007,-1.62056,-0.0327933,-0.0367423,-0.00155412,-0.00976556,-0.0391855,-0.0416698,0.0327933,0.0367423,0.00155412,0.00976556,0,0,0,0,0,0,0,0,0,0,0,0,0,0,0,0,0,0,0,0,0,5475.82,758.451,1889.27,1167.09,0,33002.8,441.959,76.1872,-40.2396,-104.574,96.6193,-5.61875,-17.2513,-0.538059,-4.58515,-6.79315,-21.2001,5.61875,17.2513,0.538059,4.58515,5301.87,543.381,1944.82,942.977,0,441.959,1299.54,-0.0306839,0.621888,-1.62254,1.13729,-0.0645196,-0.0311263,-0.00203657,-0.00827292,-0.0709978,-0.0349576,0.0645196,0.0311263,0.00203657,0.00827292,40.0159,33.2917,0.829292,-10.1399,0,76.1872,-0.0306839,220.3,-107.93,-103.646,-4.33333,-2.56841,-1.37317,-0.0843983,-0.364968,-2.83032,-1.56063,2.56841,1.37317,0.0843983,0.364968,-23.4814,-23.8058,2.2975,8.58125,0,-40.2396,0.621888,-107.93,246.003,-74.3884,-62.4437,-0.927224,-0.229369,-0.0238612,-0.0609628,-0.988541,-0.252876,0.927224,0.229369,0.0238612,0.0609628,-42.313,-23.257,-8.57409,3.26007,0,-104.574,-1.62254,-103.646,-74.3884,614.446,-422.357,-6.71762,-5.58282,-0.27014,-1.48383,-7.58881,-6.4656,6.71762,5.58282,0.27014,1.48383,27.7002,14.5187,6.00359,-1.62056,0,96.6193,1.13729,-4.33333,-62.4437,-422.357,816.708,-31.5982,-228.854,-6.29629,-60.8259,-39.2228,-288.351,31.5982,228.854,6.29629,60.8259,-1.19813,-0.485,-0.33969,-0.0327933,0,-5.61875,-0.0645196,-2.56841,-0.927224,-6.71762,-31.5982,37.3336,3.57655,-0.0492669,0.950594,25.4985,16.3129,-37.3336,-3.57655,0.0492669,-0.950594,-0.542512,-0.196071,-0.162674,-0.0367423,0,-17.2513,-0.0311263,-1.37317,-0.229369,-5.58282,-228.854,3.57655,240.565,-0.419181,-7.68367,19.086,216.953,-3.57655,-240.565,0.419181,7.68367,-0.0369384,-0.0143687,-0.0106925,-0.00155412,0,-0.538059,-0.00203657,-0.0843983,-0.0238612,-0.27014,-6.29629,-0.0492669,-0.419181,7.25455,-0.111412,0.973168,5.70152,0.0492669,0.419181,-7.25455,0.111412,-0.144192,-0.0521127,-0.0432363,-0.00976556,0,-4.58515,-0.00827292,-0.364968,-0.0609628,-1.48383,-60.8259,0.950594,-7.68367,-0.111412,69.5801,5.07278,57.6629,-0.950594,7.68367,0.111412,-69.5801,-1.31289,-0.527871,-0.373672,-0.0391855,0,-6.79315,-0.0709978,-2.83032,-0.988541,-7.58881,-39.2228,25.4985,19.086,0.973168,5.07278,763.279,-712.648,-25.4985,-19.086,-0.973168,-5.07278,-0.608882,-0.219681,-0.18262,-0.0416698,0,-21.2001,-0.0349576,-1.56063,-0.252876,-6.4656,-288.351,16.3129,216.953,5.70152,57.6629,-712.648,1009.28,-16.3129,-216.953,-5.70152,-57.6629,1.19813,0.485,0.33969,0.0327933,0,5.61875,0.0645196,2.56841,0.927224,6.71762,31.5982,-37.3336,-3.57655,0.0492669,-0.950594,-25.4985,-16.3129,37.3336,3.57655,-0.0492669,0.950594,0.542512,0.196071,0.162674,0.0367423,0,17.2513,0.0311263,1.37317,0.229369,5.58282,228.854,-3.57655,-240.565,0.419181,7.68367,-19.086,-216.953,3.57655,240.565,-0.419181,-7.68367,0.0369384,0.0143687,0.0106925,0.00155412,0,0.538059,0.00203657,0.0843983,0.0238612,0.27014,6.29629,0.0492669,0.419181,-7.25455,0.111412,-0.973168,-5.70152,-0.0492669,-0.419181,7.25455,-0.111412,0.144192,0.0521127,0.0432363,0.00976556,0,4.58515,0.00827292,0.364968,0.0609628,1.48383,60.8259,-0.950594,7.68367,0.111412,-69.5801,-5.07278,-57.6629,0.950594,-7.68367,-0.111412,69.5801,},
};


program g4 =
{
    false, // bool estimate;
    true, //bool output;
    true, //bool outputx0;
    true,// bool estimatex0;
    {40,7,0,true}, // ep
    {40,7,0,true}, // ep
    30*60,
    180,
    {{"omega",1.53296,0,2,false},// (0.000512179)
    {"eta",0,0,1,true},// (0.000836504)
    {"theta",0,0,0.3,true},// (0.000118596)
    {"eta0",0.427793,0,0.6,false},// (0.000330863)
    {"theta0",0.0467732,0,0.3,false},// (5.29676e-05)
    {"alpha",0.179,0,1,true},// (0.00138063)
    {"sigma",0.1787,0,1,true},// (0.000105915)
    {"varsigma",0.2212,0,1,true},// (0.000488037)
    {"betafactor0",0.900729,0,4,false},// (0.00288334)
    {"gammas0",0.079,0,1,true},// (0.00253608)
    {"gammaa0",0.12,0,1,true},// (0.00213656)
    {"iotas0",0.000827617,0,1,false},// (0.000129321)
    {"mus0",9.60577e-07,0,1,true},// (0.000427809)
    {"gam mah0",0.3,0,1,true},// (0.168615)
    {"muh0",2.64698e-23,0,1,true},// (0.0333968)
    {"betafactor20",1.05509,0,4,false},// (0.000681555)
    {"gammas20",0.079,0,1,true},// (0.000611849)
    {"gammaa20",0.12,0,1,true},// (0.000839182)
    {"iotas20",0.00207379,0,1,false},// (3.57392e-05)
    {"mus20",2.03649e-05,0,1,false},// (2.29644e-05)
    {"gammah20",0.13,0,1,true},// (0.00272114)
    {"muh20",0.0076,0,1,true},// (0.000904984)
    {"betafactor65",1.3073,0,4,false},// (0.00318086)
    {"gammas65",0.079,0,1,true},// (0.0020849)
    {"gammaa65",0.12,0,1,true},// (0.00786949)
    {"iotas65",0.0369082,0,1,false},// (0.000233247)
    {"mus65",0.000930467,0,1,false},// (0.000370508)
    {"gammah65",0.0555402,0,1,true},// (0.00133408)
    {"muh65",0.0152824,0,1,true},// (0.000681811)
    {"betafactor80",0.0908938,0,4,false},// (0.00176198)
    {"gammas80",0.079,0,1,true},// (0.00665381)
    {"gammaa80",0.12,0,1,true},// (0.0223412)
    {"iotas80",0.169525,0,1,false},// (0.00608376)
    {"mus80",0.00983464,0,1,false},// (0.00396174)
    {"gammah80",0.0965416,0,1,true},// (0.00293424)
    {"muh80",0.0414032,0,1,true},// (0.00134423)
    },
    {1002.5,119.874,401.215,350.973,0,2191.64,104.763,26.4752,64.5233,129.709,827.35,0.620935,8.45585,-0.00193691,-4.56356e-22,259.541,1294.34,1.70148,36.7831,0.00193691,-6.1056e-21,5578.14,617.929,2093.91,1786.52,0,13537.1,529.134,125.865,286.224,663.244,4767.54,13.7392,131.115,0.988265,3.80871,1341.66,7963.6,35.6518,640.522,6.59082,23.6122,729.934,77.1503,263.422,186.815,0,1641.86,62.5326,10.4762,26.303,28.5313,256.319,9.34387,31.3321,7.43941,2.69622,122.801,835.017,62.3205,546.333,45.1654,102.699,39.0128,10.3869,28.8933,25.4515,0,377.892,10.0486,4.56571,9.85942,8.03478,246.382,7.32853,47.1861,6.40301,19.3668,22.2178,157.144,25.3686,309.474,11.1998,185.03},
    {9035.4,569.543,2104.42,1067.58,0,412.213,437.992,6.80022,26.514,7.25619,0.112197,-0.0115853,-0.0180347,0.000128985,1.56716e-23,-38.2169,-2.04078,-0.315974,-0.079345,-0.000128985,3.4857e-23,3820.02,363.279,1242.54,893.511,0,476.986,226.087,-5.22159,-26.232,-9.8176,1.12,-0.186524,0.0077988,-0.00372312,-0.00124499,37.1689,2.5574,0.514083,0.0895809,0.00372312,0.00124499,472.517,26.5811,104.902,34.6372,0,9.38838,20.6303,-0.227335,-0.468806,-0.0259946,0.396762,0.018585,0.0558317,0.00297786,0.0158126,0.744264,-0.353444,-0.0736442,-0.0662191,-0.00378569,-0.0150048,15.5694,1.03765,3.86031,1.40765,0,0.505427,0.931189,-0.0559244,-0.142402,0.0318967,0.0447244,-0.0258539,0.0435744,0.000405818,0.017543,0.105464,-0.0492047,0.0809131,-0.033187,0.000402011,-0.0183508,569.543,216.01,254.502,149.12,0,89.0528,58.6496,4.67685,3.48651,1.06759,2.78084,-0.00216783,-0.00466707,4.07127e-05,4.05961e-24,-9.55963,-2.33139,-0.0597186,-0.0542195,-4.07127e-05,5.60488e-24,399.575,25.9085,94.6535,53.9677,0,35.2001,17.2679,-1.51214,-5.18789,-3.28595,-1.07424,-0.0477189,-0.00726615,-0.00111138,-0.00139162,8.83921,2.10023,0.109605,0.0661528,0.00111138,0.00139162,58.5037,2.92003,11.9327,3.35295,0,1.02405,2.31563,-0.117572,-0.308147,-0.219665,-0.0975038,-0.0515624,-0.0121024,-0.00216377,-0.00368528,0.541565,0.181853,0.0624331,0.0207023,0.00233317,0.00351589,2.10977,0.12229,0.478389,0.135715,0,0.0412311,0.119104,-0.0130404,-0.0355147,-0.00354531,0.00969901,-0.0242885,-0.00621824,-0.000372655,-0.00161004,0.0480061,0.0138658,0.0134178,-0.00238163,0.000203258,0.00177944,2104.42,254.502,1368.78,528.952,0,195.666,210.217,3.63325,18.4341,7.76413,0.763932,-0.00317114,-0.00847684,0.00010642,1.07702e-23,-27.1566,-3.13739,-0.194871,-0.0949236,-0.00010642,1.89244e-23,1346.42,92.2221,324.977,210.298,0,144.578,58.1478,-4.09291,-16.7066,-7.84791,-0.44294,-0.127695,0.000979857,-0.00264194,-0.00169779,25.6891,3.09989,0.325737,0.102421,0.00264194,0.00169779,193.231,9.3605,38.015,10.6893,0,3.20923,7.36002,-0.249862,-0.733368,-0.289971,0.0805173,-0.0571953,0.0097183,-0.00144423,0.00255406,1.12272,0.0539068,0.0716112,-0.00807462,0.00164701,-0.00275683,6.83762,0.377482,1.46786,0.417089,0,0.153826,0.357513,-0.0315494,-0.0950517,0.00649674,0.0317407,-0.0499545,0.0105072,-0.000435984,0.004902,0.106839,-0.00241524,0.0355386,-0.0121509,0.00023321,-0.00469922,1067.58,149.12,528.952,813.262,0,261.431,119.184,-1.93962,0.373878,-0.197807,-3.10848,-0.00225224,-0.00970883,-3.87152e-05,-2.76422e-24,2.04372,2.77744,0.0139192,0.048918,3.87152e-05,-5.20264e-25,1037.75,59.2944,235.332,77.4158,0,28.2624,48.6981,-0.00635541,0.544603,0.808202,2.04325,0.0171129,0.0253047,0.000709661,0.00206785,-1.14191,-2.19691,-0.0287799,-0.0645139,-0.000709661,-0.00206785,159.822,8.68139,35.4864,9.01643,0,0.810884,7.44786,0.0813602,0.505654,0.31559,0.302601,0.102098,0.0470803,0.00528499,0.0136495,-0.701217,-0.427884,-0.162234,-0.0630482,-0.00616439,-0.0127701,6.04087,0.390099,1.54325,0.469445,0,0.102001,0.381163,-0.00857022,-0.00352641,0.0153219,-0.000132922,0.0358441,0.0265599,0.000847069,0.00947321,-0.0380384,-0.0411576,0.0242918,-0.0105921,3.23301e-05,-0.0103526,0,0,0,0,0,0,0,0,0,0,0,0,0,0,0,0,0,0,0,0,0,0,0,0,0,0,0,0,0,0,0,0,0,0,0,0,0,0,0,0,0,0,0,0,0,0,0,0,0,0,0,0,0,0,0,0,0,0,0,0,0,0,0,0,0,0,0,0,0,0,0,0,0,0,0,0,0,0,0,0,0,0,0,0,412.213,89.0528,195.666,261.431,0,6302.09,42.4442,0.736582,-26.0403,-73.0618,-239.352,-0.158264,-1.86965,-0.00376555,-2.47343e-22,71.3892,264.213,0.179638,3.96324,0.00376555,2.56407e-22,560.011,40.1464,163.883,34.5982,0,-719.267,41.6677,7.46745,20.1064,56.0461,231.284,0.803823,4.65284,0.0782953,0.30622,-66.2984,-246.49,-0.825197,-6.74642,-0.0782953,-0.30622,85.4018,6.46363,24.3148,8.81907,0,12.3172,5.64165,0.549071,1.33732,2.19392,9.20515,0.870699,2.37899,0.125274,0.674658,-3.07358,-9.68696,-0.968844,-2.80577,-0.128426,-0.671506,3.35535,0.344335,1.22127,0.617142,0,3.71573,0.333061,0.0262543,0.0860535,0.0908582,0.39946,0.136706,0.689091,0.01333,0.227512,-0.20243,-0.925125,-0.0385607,-0.262307,-0.0101777,-0.230664,437.992,58.6496,210.217,119.184,0,42.4442,171.07,1.931,7.59581,4.89812,2.00795,0.00253862,0.00272564,7.29154e-05,6.00018e-24,-12.8142,-3.46175,-0.0799922,-0.0821649,-7.29154e-05,6.13793e-24,259.172,17.7252,61.7163,45.0247,0,38.1241,10.0666,-1.95115,-6.82067,-4.52238,-1.69299,-0.0673995,-0.0154074,-0.00158574,-0.00219728,11.7308,3.0995,0.144853,0.0948466,0.00158574,0.00219728,37.1738,1.76168,7.21797,2.20176,0,1.08017,1.29047,-0.164338,-0.498908,-0.331749,-0.151818,-0.0816194,-0.0207971,-0.00350607,-0.00625613,0.82475,0.282558,0.108689,0.0332331,0.00391324,0.00584896,1.29801,0.0691755,0.26899,0.0670704,0,0.0293678,0.0685165,-0.0144406,-0.0443054,-0.0071927,0.0141786,-0.0384721,-0.0113052,-0.000624443,-0.00329238,0.0684928,0.0227731,0.0114023,-0.00113088,0.000217273,0.00369955,6.80022,4.67685,3.63325,-1.93962,0,0.736582,1.931,34.6502,-8.93645,-7.24824,5.05027,-0.0122765,-0.0258727,6.2497e-05,7.55347e-24,-14.5934,-8.64765,-0.0725199,-0.164005,-6.2497e-05,8.78608e-24,-5.52972,-1.68427,-4.42705,0.426943,0,7.76557,-2.34171,-2.26772,-6.07554,-6.492,-5.63189,-0.0854012,-0.0514956,-0.00267554,-0.00602685,12.7667,7.42571,0.170198,0.241373,0.00267554,0.00602685,-0.658778,-0.180515,-0.498147,0.0779627,0,0.925067,-0.310626,-0.255808,-0.724895,-0.688814,-0.649977,-0.196349,-0.0916191,-0.01011,-0.0268315,1.3336,0.89542,0.245504,0.132943,0.0108695,0.0260719,-0.0321142,-0.00854878,-0.0290494,-0.0323974,0,-0.018954,0.000448127,-0.019018,-0.0543925,-0.0232716,0.0046737,-0.0625503,-0.0484971,-0.00143281,-0.0160537,0.103851,0.0786368,0.0133947,0.00717284,0.000673265,0.0168133,26.514,3.48651,18.4341,0.373878,0,-26.0403,7.59581,-8.93645,58.8381,0.593292,-1.0591,-0.00204794,0.0066184,0.000214715,1.93135e-23,-37.3231,-11.6138,-0.241784,-0.261704,-0.000214715,2.08934e-23,-28.0506,-5.8957,-18.2023,1.75211,0,20.9655,-8.23343,-6.0849,-18.4944,-12.4291,-6.29381,-0.192795,-0.0526872,-0.00481359,-0.0072082,32.8646,9.9387,0.436627,0.307773,0.00481359,0.0072082,-3.65779,-0.706607,-2.22261,-0.033268,0,1.83107,-1.07167,-0.664211,-2.12725,-1.36123,-0.757784,-0.364321,-0.106565,-0.0162166,-0.0316015,3.42184,1.2979,0.502446,0.159176,0.0182747,0.0295434,-0.168902,-0.0348648,-0.121381,-0.11945,0,-0.0328819,-0.00323431,-0.0495806,-0.166802,-0.0360093,0.0496037,-0.168214,-0.0590703,-0.00290729,-0.0187641,0.281602,0.111923,0.0300884,0.00645943,0.000849208,0.0208222,7.25619,1.06759,7.76413,-0.197807,0,-73.0618,4.89812,-7.24824,0.593292,139.109,-9.94827,0.0255336,0.04789,0.000603517,4.54365e-23,-49.6387,-71.655,-0.104448,-1.18086,-0.000603517,9.50867e-25,-11.0302,-3.53717,-8.64543,0.738626,0,57.9686,-4.95051,-6.47936,-12.5119,-34.7162,-53.0083,-0.437954,-0.673248,-0.0182574,-0.0570902,43.3667,62.1372,0.516869,1.80622,0.0182574,0.0570902,-1.59716,-0.469853,-1.13982,-0.121749,0,4.98307,-0.706642,-0.761896,-1.53248,-3.24429,-5.65957,-1.10745,-0.868027,-0.0711129,-0.250751,4.13051,6.6262,1.2165,1.2005,0.0729144,0.24895,-0.0846457,-0.0263408,-0.0848713,-0.0803267,0,-0.181664,-0.0161231,-0.0567731,-0.104783,-0.132807,-0.156198,-0.174713,-0.409206,-0.00765384,-0.139553,0.277672,0.614412,0.0656621,0.0767342,0.00585236,0.141354,0.112197,2.78084,0.763932,-3.10848,0,-239.352,2.00795,5.05027,-1.0591,-9.94827,644.432,-0.0212716,-1.37527,0.0015698,2.55001e-22,-59.6277,-567.799,-0.0355196,-9.61646,-0.0015698,1.16514e-21,-0.150485,-1.20438,-0.995665,1.59151,0,242.933,-1.81841,-5.66676,-6.42827,-52.6597,-477.312,-0.791449,-8.04784,-0.147064,-0.598741,50.1892,480.829,0.84824,19.0396,0.147064,0.598741,-0.38363,-0.236884,-0.333167,0.159453,0,21.5508,-0.403404,-0.84482,-1.09637,-4.57131,-50.5305,-2.85983,-12.6706,-0.605743,-3.55028,4.6509,49.1005,2.82728,15.9947,0.613999,3.54203,-0.0397848,-0.0137213,-0.0406041,-0.0565703,0,-1.98322,0.000517715,-0.0792848,-0.101667,-0.187173,-1.21622,-0.16806,-4.99359,-0.0736052,-1.8796,0.229818,4.64616,0.200601,1.66942,0.0653499,1.88786,-0.0115853,-0.00216783,-0.00317114,-0.00225224,0,-0.158264,0.00253862,-0.0122765,-0.00204794,0.0255336,-0.0212716,0.34709,-0.0736322,1.32686e-06,-6.5847e-24,-0.0691121,-0.183324,-0.012214,0.00125418,-1.32686e-06,-9.39086e-26,0.00751113,0.00104464,0.00436843,-0.00202483,0,0.133111,0.000296833,0.00101425,0.00219355,-0.0519037,-0.0950772,-0.0976684,0.0181822,-5.91342e-05,-0.000140257,0.213934,0.192338,-0.237208,0.0541959,5.91342e-05,0.000140257,-0.0146399,-0.00267567,-0.00825011,-1.16054e-05,0,0.013049,-0.00406163,-0.00289339,-0.00839681,-0.00774773,-0.0120607,-0.00286457,-0.00191504,-0.000170457,-0.000552316,0.0151664,0.0147223,0.00337876,0.00261083,0.000178247,0.000544526,-0.000561805,-9.93399e-05,-0.000333743,-0.000496531,0,-0.00043411,9.69784e-05,-0.000238905,-0.000746387,-0.000221687,-0.000183117,-0.00076365,-0.000866688,-2.11642e-05,-0.000295532,0.00123133,0.00136874,0.000249461,0.000170903,1.33742e-05,0.000303322,-0.0180347,-0.00466707,-0.00847684,-0.00970883,0,-1.86965,0.00272564,-0.0258727,0.0066184,0.04789,-1.37527,-0.0736322,5.24479,1.5175e-05,-2.9135e-22,-0.194564,-3.27734,0.00441743,-0.357044,-1.5175e-05,2.57267e-24,-0.00204365,0.00132514,0.00359675,0.00255866,0,1.57225,-0.000212758,0.00135953,0.00104116,-0.140601,-1.60188,0.0167522,-1.32206,-0.00122462,-0.0106787,0.662228,5.89639,0.0524627,-3.56569,0.00122462,0.0106787,-0.00835374,-0.00324783,-0.00622165,0.000318736,0,0.187109,-0.00513633,-0.00847555,-0.0125259,-0.0439739,-0.442399,-0.0249217,-0.117971,-0.00560023,-0.033074,0.0465922,0.428078,0.0250547,0.150543,0.00569775,0.0329765,-0.000554072,-0.000159235,-0.000504975,-0.000606405,0,-0.017277,-7.00471e-06,-0.000749563,-0.0010555,-0.00179331,-0.00574844,-0.00183718,-0.0482852,-0.000699756,-0.0181415,0.00250305,0.0395487,0.00170411,0.0157133,0.00060224,0.018239,0.000128985,4.07127e-05,0.00010642,-3.87152e-05,0,-0.00376555,7.29154e-05,6.2497e-05,0.000214715,0.000603517,0.0015698,1.32686e-06,1.5175e-05,0.00573196,-1.92831e-22,-5.23415e-05,-0.00237335,6.50681e-07,-4.19867e-05,-0.00573196,-7.08258e-22,-0.000182789,-5.22136e-05,-0.00012428,2.92258e-05,0,0.00334402,-7.58446e-05,-0.000114046,-0.000204834,-0.00076363,-0.0058397,-1.25894e-05,-0.000131568,-1.9254e-06,-7.95277e-06,0.000875533,0.00602185,1.06118e-05,0.00015838,1.9254e-06,7.95277e-06,-2.9223e-05,-7.5398e-06,-1.79746e-05,1.25445e-06,0,0.000278032,-1.20197e-05,-1.52382e-05,-2.81423e-05,-6.91293e-05,-0.000635265,-3.7381e-05,-0.000168102,-8.03949e-06,-4.71318e-05,8.27378e-05,0.000617957,3.82593e-05,0.000214303,8.19102e-06,4.69802e-05,-1.63907e-06,-4.05457e-07,-1.28133e-06,-1.63469e-06,0,-2.55839e-05,7.18238e-08,-1.32883e-06,-2.43428e-06,-2.70379e-06,-8.79303e-06,-3.5042e-06,-6.87227e-05,-1.01486e-06,-2.5811e-05,5.0293e-06,5.73103e-05,2.62593e-06,2.25213e-05,8.63325e-07,2.59625e-05,1.56716e-23,4.05961e-24,1.07702e-23,-2.76422e-24,0,-2.47343e-22,6.00018e-24,7.55347e-24,1.93135e-23,4.54365e-23,2.55001e-22,-6.5847e-24,-2.9135e-22,-1.92831e-22,7.6368e-22,1.08459e-23,-3.38072e-23,-3.74132e-26,-6.37052e-24,-5.70848e-22,-8.62382e-41,-1.93904e-23,-4.86855e-24,-1.2345e-23,2.91494e-24,0,2.2662e-22,-6.82042e-24,-9.88774e-24,-1.86913e-23,-5.30066e-23,-5.15172e-22,1.37564e-24,4.45634e-23,1.90455e-22,-1.72087e-22,2.80157e-23,2.64399e-22,5.24648e-24,2.53157e-22,5.73224e-22,-5.91593e-22,-4.10153e-25,-2.18115e-25,-3.31582e-25,9.9677e-26,0,1.6441e-23,-3.76269e-25,-6.93617e-25,-1.01111e-24,-3.62428e-24,-3.93938e-23,-2.08107e-24,-1.05399e-23,-4.95467e-25,-2.95281e-24,3.8149e-24,3.80306e-23,2.09051e-24,1.34078e-23,5.04266e-25,2.94401e-24,-5.64915e-26,-1.75914e-26,-5.35541e-26,-6.07283e-26,0,-1.61851e-24,-4.91749e-27,-6.17718e-26,-8.60447e-26,-1.49127e-25,-5.48009e-25,-1.51309e-25,-4.29704e-24,-6.26383e-26,-1.61934e-24,2.04745e-25,3.51752e-24,1.41869e-25,1.42917e-24,5.38394e-26,1.62814e-24,-38.2169,-9.55963,-27.1566,2.04372,0,71.3892,-12.8142,-14.5934,-37.3231,-49.6387,-59.6277,-0.0691121,-0.194564,-5.23415e-05,1.08459e-23,196.659,-34.7041,-0.158067,-0.350172,5.23415e-05,3.8006e-23,40.1363,9.90528,28.107,-2.73373,0,-69.3186,13.8466,12.8172,33.0367,43.5152,50.6348,0.766997,1.09651,0.0209438,0.0554203,-76.9164,-63.8595,-0.539818,-0.551777,-0.0209438,-0.0554203,5.33001,1.20731,3.48054,0.0155272,0,-6.40823,1.87253,1.46548,3.93844,4.39028,5.62054,1.37088,0.84844,0.0789649,0.246142,-7.71397,-7.09693,-1.63436,-1.18881,-0.0830374,-0.242069,0.255869,0.061157,0.207527,0.206876,0,0.185847,0.0132086,0.109469,0.295775,0.155003,0.067596,0.355425,0.411719,0.00996527,0.138658,-0.583324,-0.648372,-0.0919454,-0.0713454,-0.00589277,-0.142731,-2.04078,-2.33139,-3.13739,2.77744,0,264.213,-3.46175,-8.64765,-11.6138,-71.655,-567.799,-0.183324,-3.27734,-0.00237335,-3.38072e-23,-34.7041,701.936,-0.0228633,-4.0328,0.00237335,8.89435e-22,4.15477,2.28259,3.83251,-1.706,0,-258.129,3.31489,7.40239,9.97217,61.5879,480.609,0.984207,12.4843,0.151311,0.640877,-63.1141,-503.974,-0.778021,-5.17421,-0.151311,-0.640877,0.975147,0.388403,0.718909,-0.0958943,0,-22.886,0.621894,1.06282,1.54523,5.48292,51.9664,3.16052,12.8844,0.624174,3.61228,-5.83149,-50.8155,-3.1609,-16.2944,-0.632967,-3.60349,0.069392,0.0222164,0.0681218,0.0816586,0,2.02816,0.00505665,0.0953144,0.132073,0.224529,1.24949,0.218428,5.09732,0.0756037,1.91469,-0.310077,-4.8017,-0.218053,-1.68731,-0.0668107,-1.92348,-0.315974,-0.0597186,-0.194871,0.0139192,0,0.179638,-0.0799922,-0.0725199,-0.241784,-0.104448,-0.0355196,-0.012214,0.00441743,6.50681e-07,-3.74132e-26,-0.158067,-0.0228633,0.838638,-0.19564,-6.50681e-07,-1.83404e-23,0.345784,0.0701481,0.210682,-0.0306823,0,-0.159681,0.0965441,0.0871934,0.240585,0.134211,0.142024,-0.235835,0.055705,9.86636e-06,6.9358e-05,0.0154238,0.0157646,-0.590589,0.135517,-9.86636e-06,-6.9358e-05,0.00766849,0.00164921,0.00435432,-0.0011596,0,-0.0124506,0.00296657,0.00269923,0.00761091,0.00753766,0.0117155,0.00276422,0.0018397,0.000164156,0.000531209,-0.0141409,-0.0142776,-0.00322329,-0.0025254,-0.000171156,-0.000524209,0.000684799,0.000137578,0.000459207,0.000570498,0,0.000396768,-5.56492e-05,0.000230796,0.000715329,0.000232584,0.000184077,0.000720197,0.000849699,2.03905e-05,0.000288834,-0.00116979,-0.00133777,-0.000261127,-0.000163999,-1.33913e-05,-0.000295833,-0.079345,-0.0542195,-0.0949236,0.048918,0,3.96324,-0.0821649,-0.164005,-0.261704,-1.18086,-9.61646,0.00125418,-0.357044,-4.19867e-05,-6.37052e-24,-0.350172,-4.0328,-0.19564,16.1574,4.19867e-05,-2.10735e-21,0.118631,0.0611217,0.112287,-0.0393141,0,-3.73036,0.0859824,0.189602,0.257343,1.25219,12.5568,0.0731457,-3.50742,0.00182975,-0.0164814,-0.0483457,1.39843,0.12124,-12.293,-0.00182975,0.0164814,0.00752377,0.00242586,0.00440835,-0.00117923,0,-0.183501,0.00415191,0.00709806,0.010639,0.0366247,0.453647,0.0215612,0.121978,0.00565,0.034139,-0.0390011,-0.436092,-0.0216863,-0.154768,-0.00575728,-0.0340318,0.000616581,0.00022322,0.000636187,0.000742772,0,0.0200341,9.205e-05,0.000631172,0.000883655,0.00151055,0.00680152,0.00156541,0.0496348,0.000730727,0.0187741,-0.00210644,-0.0406353,-0.00144028,-0.016845,-0.000623447,-0.0188813,-0.000128985,-4.07127e-05,-0.00010642,3.87152e-05,0,0.00376555,-7.29154e-05,-6.2497e-05,-0.000214715,-0.000603517,-0.0015698,-1.32686e-06,-1.5175e-05,-0.00573196,-5.70848e-22,5.23415e-05,0.00237335,-6.50681e-07,4.19867e-05,0.00573196,-2.92372e-21,0.000182789,5.22136e-05,0.00012428,-2.92258e-05,0,-0.00334402,7.58446e-05,0.000114046,0.000204834,0.00076363,0.0058397,1.25894e-05,0.000131568,1.9254e-06,7.95277e-06,-0.000875533,-0.00602185,-1.06118e-05,-0.00015838,-1.9254e-06,-7.95277e-06,2.9223e-05,7.5398e-06,1.79746e-05,-1.25445e-06,0,-0.000278032,1.20197e-05,1.52382e-05,2.81423e-05,6.91293e-05,0.000635265,3.7381e-05,0.000168102,8.03949e-06,4.71318e-05,-8.27378e-05,-0.000617957,-3.82593e-05,-0.000214303,-8.19102e-06,-4.69802e-05,1.63907e-06,4.05457e-07,1.28133e-06,1.63469e-06,0,2.55839e-05,-7.18238e-08,1.32883e-06,2.43428e-06,2.70379e-06,8.79303e-06,3.5042e-06,6.87227e-05,1.01486e-06,2.5811e-05,-5.0293e-06,-5.73103e-05,-2.62593e-06,-2.25213e-05,-8.63325e-07,-2.59625e-05,3.4857e-23,5.60488e-24,1.89244e-23,-5.20264e-25,0,2.56407e-22,6.13793e-24,8.78608e-24,2.08934e-23,9.50867e-25,1.16514e-21,-9.39086e-26,2.57267e-24,-7.08258e-22,-8.62382e-41,3.8006e-23,8.89435e-22,-1.83404e-23,-2.10735e-21,-2.92372e-21,3.63197e-21,-3.61277e-23,-6.27915e-24,-2.01243e-23,3.41121e-24,0,-2.43288e-22,-8.36565e-24,-7.0235e-24,-2.13792e-23,7.50022e-24,-9.21831e-22,6.06564e-24,2.20013e-22,7.35846e-22,-5.72356e-22,-7.83008e-23,-1.10217e-21,1.23687e-23,1.88476e-21,2.89613e-21,-3.05962e-21,1.51003e-24,3.82629e-25,9.26908e-25,5.93422e-26,0,-1.68044e-23,5.5652e-25,7.64227e-25,1.17231e-24,3.88727e-24,3.58931e-23,2.20698e-24,9.63116e-24,4.63584e-25,2.70574e-24,-4.19341e-24,-3.47855e-23,-2.22218e-24,-1.2354e-23,-4.688e-25,-2.70052e-24,3.57828e-26,1.18599e-26,3.60883e-26,5.08622e-26,0,1.29946e-24,-1.69524e-27,6.69016e-26,9.60494e-26,1.57295e-25,4.68405e-25,1.65265e-25,3.96643e-24,5.48758e-26,1.4783e-24,-2.26277e-25,-3.30044e-24,-1.50067e-25,-1.24356e-24,-4.96597e-26,-1.48352e-24,3820.02,399.575,1346.42,1037.75,0,560.011,259.172,-5.52972,-28.0506,-11.0302,-0.150485,0.00751113,-0.00204365,-0.000182789,-1.93904e-23,40.1363,4.15477,0.345784,0.118631,0.000182789,-3.61277e-23,71222.3,5121.01,18426.3,10517.5,0,4662.96,3594.1,16.522,27.3405,-5.22411,7.08497,0.128629,-0.126723,0.00162629,-0.00542855,-44.0926,-1.16093,-0.481925,0.0101359,-0.00162629,0.00542855,2904.06,164.481,646.574,217.377,0,60.8527,126.864,-1.12561,-2.13851,0.0237418,2.24828,0.128159,0.314955,0.0177608,0.089173,3.54395,-2.07205,-0.557016,-0.365899,-0.0239886,-0.0829453,80.962,5.78307,21.0866,8.27694,0,3.18663,5.10068,-0.334638,-0.879281,0.186734,0.252019,-0.107612,0.253525,0.00300491,0.102518,0.589628,-0.294263,0.536469,-0.202581,0.00322284,-0.108746,363.279,25.9085,92.2221,59.2944,0,40.1464,17.7252,-1.68427,-5.8957,-3.53717,-1.20438,0.00104464,0.00132514,-5.22136e-05,-4.86855e-24,9.90528,2.28259,0.0701481,0.0611217,5.22136e-05,-6.27915e-24,5121.01,1354,1908.75,1087.44,0,689.649,405.349,25.2561,-8.33721,-10.8744,11.6904,0.016632,-0.0211511,0.000407905,-0.000212839,-13.9738,-3.62751,-0.0878248,-0.0412958,-0.000407905,0.000212839,356.183,17.8257,72.7371,20.5716,0,6.48301,14.0865,-0.707367,-1.87059,-1.33371,-0.590149,-0.313092,-0.0759847,-0.0131914,-0.0229806,3.29658,1.10497,0.36221,0.12714,0.0139732,0.0221988,9.65088,0.578387,2.226,0.659044,0,0.238634,0.563791,-0.0823893,-0.237626,-0.0268008,0.0596167,-0.147537,-0.0374708,-0.00225043,-0.0098676,0.302711,0.0847622,0.0984185,-0.0136845,0.00146858,0.0106495,1242.54,94.6535,324.977,235.332,0,163.883,61.7163,-4.42705,-18.2023,-8.64543,-0.995665,0.00436843,0.00359675,-0.00012428,-1.2345e-23,28.107,3.83251,0.210682,0.112287,0.00012428,-2.01243e-23,18426.3,1908.75,9346.05,4045.23,0,1763.83,1447.82,0.23017,29.3589,8.75559,2.10664,0.164996,-0.0235508,0.00291276,0.000572455,-35.8477,-4.27267,-0.380046,-0.0923326,-0.00291276,-0.000572455,1173.77,56.5142,229.171,64.5597,0,20.4105,44.2135,-1.4381,-4.2213,-1.85418,0.296997,-0.366045,0.0319447,-0.0104139,0.00760207,6.61179,0.533466,0.412483,-0.00705689,0.011083,-0.0082712,31.8814,1.86821,7.09525,2.21028,0,0.962167,1.74696,-0.189448,-0.588459,0.0285164,0.183364,-0.285031,0.0488108,-0.0025836,0.0247431,0.635926,0.00142746,0.238593,-0.0736987,0.00191446,-0.024074,893.511,53.9677,210.298,77.4158,0,34.5982,45.0247,0.426943,1.75211,0.738626,1.59151,-0.00202483,0.00255866,2.92258e-05,2.91494e-24,-2.73373,-1.706,-0.0306823,-0.0393141,-2.92258e-05,3.41121e-24,10517.5,1087.44,4045.23,4829.24,0,1600,840.462,-14.1346,3.18824,3.17868,-8.03103,-0.0708579,-0.0639602,-0.00194071,-0.00430489,10.6135,5.11569,0.103565,0.100716,0.00194071,0.00430489,961.795,53.2623,216.982,55.0524,0,4.65246,46.0777,0.976706,4.82234,2.37948,1.68349,0.712668,0.275471,0.0350075,0.0803684,-6.54545,-2.66919,-1.26489,-0.370625,-0.0429776,-0.0723983,26.047,1.67541,6.61064,2.01404,0,0.468883,1.63891,-0.0416446,-0.0229058,0.0521837,-0.0480579,0.319737,0.147912,0.00630093,0.0509497,-0.34002,-0.246934,0.232487,-0.0527577,0.00166921,-0.0589198,0,0,0,0,0,0,0,0,0,0,0,0,0,0,0,0,0,0,0,0,0,0,0,0,0,0,0,0,0,0,0,0,0,0,0,0,0,0,0,0,0,0,0,0,0,0,0,0,0,0,0,0,0,0,0,0,0,0,0,0,0,0,0,0,0,0,0,0,0,0,0,0,0,0,0,0,0,0,0,0,0,0,0,0,476.986,35.2001,144.578,28.2624,0,-719.267,38.1241,7.76557,20.9655,57.9686,242.933,0.133111,1.57225,0.00334402,2.2662e-22,-69.3186,-258.129,-0.159681,-3.73036,-0.00334402,-2.43288e-22,4662.96,689.649,1763.83,1600,0,35075.3,390.982,41.4253,-59.1105,-155.516,-280.156,-1.87827,-10.4393,-0.16711,-0.64656,96.5432,354.629,1.90484,12.5974,0.16711,0.64656,513.279,40.9079,152.444,57.7595,0,104.37,35.7495,3.78111,9.24532,14.775,66.309,6.49856,16.904,0.902875,4.80386,-21.0023,-69.3504,-7.15138,-20.0089,-0.922752,-4.78398,14.4473,1.40921,5.15852,2.51192,0,14.2362,1.37668,0.185489,0.507927,0.539764,3.37591,0.889033,4.80511,0.094975,1.52865,-1.28249,-7.08429,-0.236205,-1.70024,-0.0750977,-1.54852,226.087,17.2679,58.1478,48.6981,0,41.6677,10.0666,-2.34171,-8.23343,-4.95051,-1.81841,0.000296833,-0.000212758,-7.58446e-05,-6.82042e-24,13.8466,3.31489,0.0965441,0.0859824,7.58446e-05,-8.36565e-24,3594.1,405.349,1447.82,840.462,0,390.982,985.714,2.01246,13.8355,7.54245,3.30967,0.128435,0.0407027,0.00275607,0.00378116,-20.9248,-5.59271,-0.225276,-0.126472,-0.00275607,-0.00378116,210.67,9.56256,39.3139,12.3723,0,6.9375,6.67895,-1.15819,-3.64426,-2.25416,-0.988597,-0.557232,-0.141294,-0.0239226,-0.0423613,5.87396,1.88961,0.758734,0.221426,0.0269187,0.0393652,5.69518,0.317718,1.19735,0.317941,0,0.189668,0.318893,-0.0968725,-0.309184,-0.0449743,0.100735,-0.27292,-0.0729751,-0.00434639,-0.0211638,0.479892,0.152038,0.0714181,-0.0071568,0.00135024,0.02416,-5.22159,-1.51214,-4.09291,-0.00635541,0,7.46745,-1.95115,-2.26772,-6.0849,-6.47936,-5.66676,0.00101425,0.00135953,-0.000114046,-9.88774e-24,12.8172,7.40239,0.0871934,0.189602,0.000114046,-7.0235e-24,16.522,25.2561,0.23017,-14.1346,0,41.4253,2.01246,179.857,-75.803,-75.1062,8.54127,-0.254359,-0.229941,-0.00512739,-0.0104077,-23.0128,-14.1973,0.166151,0.0389796,0.00512739,0.0104077,-3.78222,-1.08568,-3.01566,0.292214,0,5.30276,-1.81544,-1.47276,-4.13551,-4.05647,-3.70675,-1.1273,-0.519527,-0.0578134,-0.152405,7.69567,5.14748,1.41561,0.75956,0.0622757,0.147943,-0.168353,-0.0408266,-0.142878,-0.165572,0,-0.0889672,0.00963838,-0.10887,-0.30637,-0.139264,0.0303163,-0.360564,-0.279369,-0.00826171,-0.0920519,0.599028,0.453501,0.0722537,0.0393364,0.00379941,0.0965142,-26.232,-5.18789,-16.7066,0.544603,0,20.1064,-6.82067,-6.07554,-18.4944,-12.5119,-6.42827,0.00219355,0.00104116,-0.000204834,-1.86913e-23,33.0367,9.97217,0.240585,0.257343,0.000204834,-2.13792e-23,27.3405,-8.33721,29.3589,3.18824,0,-59.1105,13.8355,-75.803,222.052,-32.1467,-36.7854,0.241033,0.114618,0.00621667,0.0108811,-57.2299,-19.5862,-0.483812,-0.373003,-0.00621667,-0.0108811,-23.0042,-4.43632,-14.151,-1.08561,0,10.5783,-6.4271,-3.79567,-12.0178,-8.12534,-4.59549,-2.12612,-0.642267,-0.095525,-0.190665,19.6298,7.77655,2.9304,0.965905,0.107557,0.178633,-0.834749,-0.158686,-0.567293,-0.585053,0,-0.13386,0.0140956,-0.279574,-0.920797,-0.221547,0.277298,-0.958286,-0.360178,-0.0168838,-0.114173,1.6023,0.670243,0.154006,0.0365403,0.00485147,0.126205,-9.8176,-3.28595,-7.84791,0.808202,0,56.0461,-4.52238,-6.492,-12.4291,-34.7162,-52.6597,-0.0519037,-0.140601,-0.00076363,-5.30066e-23,43.5152,61.5879,0.134211,1.25219,0.00076363,7.50022e-24,-5.22411,-10.8744,8.75559,3.17868,0,-155.516,7.54245,-75.1062,-32.1467,571.592,-274.66,-0.323746,-0.187605,-0.0023139,0.006439,-77.5379,-110.947,0.241439,-0.923982,0.0023139,-0.006439,-9.27241,-2.92884,-7.13708,-1.25931,0,27.6775,-4.27377,-4.4644,-9.04557,-18.9434,-30.9462,-6.21227,-4.69996,-0.392321,-1.36033,24.1992,36.6586,6.89615,6.55783,0.403543,1.3491,-0.419062,-0.117041,-0.400505,-0.380851,0,-0.757317,-0.0553691,-0.330531,-0.613987,-0.773014,-0.792554,-1.0373,-2.26047,-0.0432089,-0.766255,1.65143,3.40041,0.353425,0.402596,0.0319866,0.777477,1.12,-1.07424,-0.44294,2.04325,0,231.284,-1.69299,-5.63189,-6.29381,-53.0083,-477.312,-0.0950772,-1.60188,-0.0058397,-5.15172e-22,50.6348,480.609,0.142024,12.5568,0.0058397,-9.21831e-22,7.08497,11.6904,2.10664,-8.03103,0,-280.156,3.30967,8.54127,-36.7854,-274.66,1408.99,-2.92656,-37.0281,-0.483732,-2.03731,-99.3679,-995.711,2.87961,26.0732,0.483732,2.03731,-1.32571,-1.32072,-1.68233,0.782677,0,121.391,-2.24666,-4.65524,-6.17964,-24.9006,-310.69,-15.3528,-79.2378,-3.70204,-22.1607,25.566,300.416,15.2361,99.7985,3.75682,22.1059,-0.181837,-0.0619895,-0.197221,-0.279953,0,-10.0102,0.0147077,-0.433015,-0.564066,-1.02327,-6.24402,-0.947059,-31.2291,-0.457581,-11.8794,1.29239,27.4159,1.06377,10.6685,0.402793,11.9342,-0.186524,-0.0477189,-0.127695,0.0171129,0,0.803823,-0.0673995,-0.0854012,-0.192795,-0.437954,-0.791449,-0.0976684,0.0167522,-1.25894e-05,1.37564e-24,0.766997,0.984207,-0.235835,0.0731457,1.25894e-05,6.06564e-24,0.128629,0.016632,0.164996,-0.0708579,0,-1.87827,0.128435,-0.254359,0.241033,-0.323746,-2.92656,6.4247,-0.26531,-0.000552856,-0.0140212,2.86997,0.150056,-6.0912,0.175412,0.000552856,0.0140212,-0.26001,-0.0568362,-0.160281,-0.0053287,0,0.425482,-0.0864317,-0.0739891,-0.183784,-0.254682,-0.472692,-0.0935738,-0.0766999,-0.00614475,-0.0220837,0.394251,0.551302,0.105528,0.104341,0.00632405,0.0219044,-0.0104786,-0.00208026,-0.00711912,-0.0095205,0,-0.0134491,0.00131556,-0.00590365,-0.0152182,-0.00899886,-0.0129719,-0.0187882,-0.0346094,-0.000700766,-0.0118243,0.0294087,0.0532783,0.0068344,0.00696878,0.000521469,0.0120035,0.0077988,-0.00726615,0.000979857,0.0253047,0,4.65284,-0.0154074,-0.0514956,-0.0526872,-0.673248,-8.04784,0.0181822,-1.32206,-0.000131568,4.45634e-23,1.09651,12.4843,0.055705,-3.50742,0.000131568,2.20013e-22,-0.126723,-0.0211511,-0.0235508,-0.0639602,0,-10.4393,0.0407027,-0.229941,0.114618,-0.187605,-37.0281,-0.26531,62.5953,-0.00931534,-2.95614,3.40701,29.1685,0.191423,-57.7658,0.00931534,2.95614,-0.0668464,-0.0297079,-0.0512916,0.00513248,0,2.54842,-0.0471248,-0.0860406,-0.11859,-0.457171,-7.11357,-0.292661,-1.96033,-0.0890281,-0.547995,0.472031,6.77591,0.291161,2.48926,0.0907704,0.546253,-0.00476974,-0.00140416,-0.00453176,-0.00575627,0,-0.24041,0.000156172,-0.00798535,-0.0105833,-0.0188668,-0.0692893,-0.0184055,-0.79838,-0.0115999,-0.303692,0.0239036,0.610257,0.0199055,0.269444,0.00985755,0.305434,-0.00372312,-0.00111138,-0.00264194,0.000709661,0,0.0782953,-0.00158574,-0.00267554,-0.00481359,-0.0182574,-0.147064,-5.91342e-05,-0.00122462,-1.9254e-06,1.90455e-22,0.0209438,0.151311,9.86636e-06,0.00182975,1.9254e-06,7.35846e-22,0.00162629,0.000407905,0.00291276,-0.00194071,0,-0.16711,0.00275607,-0.00512739,0.00621667,-0.0023139,-0.483732,-0.000552856,-0.00931534,0.839826,-0.000538717,0.0823472,0.403166,0.000602124,0.0087102,-0.839826,0.000538717,-0.0040842,-0.00108914,-0.00265174,-6.1037e-06,0,0.0383005,-0.00167891,-0.00202941,-0.00380215,-0.00908238,-0.0980998,-0.00495768,-0.0263733,-0.00123082,-0.00738053,0.0109905,0.0946907,0.00508504,0.0335785,0.00125562,0.00735574,-0.00018976,-4.33731e-05,-0.000145203,-0.000190709,0,-0.00327694,1.86031e-05,-0.000176468,-0.000324672,-0.000356139,-0.00105424,-0.000470368,-0.010784,-0.000159075,-0.00408526,0.00067247,0.00857155,0.000343004,0.00357888,0.000134282,0.00411005,-0.00124499,-0.00139162,-0.00169779,0.00206785,0,0.30622,-0.00219728,-0.00602685,-0.0072082,-0.0570902,-0.598741,-0.000140257,-0.0106787,-7.95277e-06,-1.72087e-22,0.0554203,0.640877,6.9358e-05,-0.0164814,7.95277e-06,-5.72356e-22,-0.00542855,-0.000212839,0.000572455,-0.00430489,0,-0.64656,0.00378116,-0.0104077,0.0108811,0.006439,-2.03731,-0.0140212,-2.95614,-0.000538717,6.37699,0.208931,1.79424,0.0140921,2.9833,0.000538717,-6.37699,-0.00392477,-0.00175037,-0.00302959,0.000285232,0,0.149007,-0.00277112,-0.00505162,-0.00696298,-0.0268411,-0.415788,-0.0171614,-0.114564,-0.00520482,-0.0320261,0.0277143,0.396091,0.0170739,0.14549,0.00530672,0.0319242,-0.000277907,-8.10562e-05,-0.000262775,-0.000334295,0,-0.0140182,1.04955e-05,-0.00046868,-0.000621405,-0.00110736,-0.0040334,-0.00108031,-0.0466638,-0.000677963,-0.0177486,0.00140374,0.0356657,0.00116775,0.0157378,0.000576053,0.0178506,37.1689,8.83921,25.6891,-1.14191,0,-66.2984,11.7308,12.7667,32.8646,43.3667,50.1892,0.213934,0.662228,0.000875533,2.80157e-23,-76.9164,-63.1141,0.0154238,-0.0483457,-0.000875533,-7.83008e-23,-44.0926,-13.9738,-35.8477,10.6135,0,96.5432,-20.9248,-23.0128,-57.2299,-77.5379,-99.3679,2.86997,3.40701,0.0823472,0.208931,696.233,-438.241,-3.09932,-4.02089,-0.0823472,-0.208931,32.4858,7.47953,21.8145,1.50021,0,-35.9455,11.1534,8.42252,22.4686,25.6865,31.0829,7.73882,4.64606,0.440261,1.35071,-44.4316,-39.7393,-9.30398,-6.57058,-0.464477,-1.32649,1.27368,0.27825,0.979191,1.00999,0,0.78651,0.01236,0.623088,1.65672,0.912542,0.310326,2.04885,2.30122,0.056515,0.770238,-3.36274,-3.62962,-0.483685,-0.376694,-0.0322989,-0.794454,2.5574,2.10023,3.09989,-2.19691,0,-246.49,3.0995,7.42571,9.9387,62.1372,480.829,0.192338,5.89639,0.00602185,2.64399e-22,-63.8595,-503.974,0.0157646,1.39843,-0.00602185,-1.10217e-21,-1.16093,-3.62751,-4.27267,5.11569,0,354.629,-5.59271,-14.1973,-19.5862,-110.947,-995.711,0.150056,29.1685,0.403166,1.79424,-438.241,1586.19,-0.358158,-36.4633,-0.403166,-1.79424,4.89091,2.29019,4.16578,-0.232219,0,-129,3.60745,5.96397,8.90716,30.3318,318.867,17.0762,80.4574,3.80748,22.5144,-32.6505,-310.267,-17.1707,-101.515,-3.86578,-22.4561,0.330503,0.100395,0.328963,0.401651,0,10.2065,0.00469384,0.528775,0.748302,1.24428,6.41969,1.25405,31.8292,0.469451,12.0823,-1.78194,-28.3115,-1.15952,-10.7714,-0.411153,-12.1406,0.514083,0.109605,0.325737,-0.0287799,0,-0.825197,0.144853,0.170198,0.436627,0.516869,0.84824,-0.237208,0.0524627,1.06118e-05,5.24648e-24,-0.539818,-0.778021,-0.590589,0.12124,-1.06118e-05,1.23687e-23,-0.481925,-0.0878248,-0.380046,0.103565,0,1.90484,-0.225276,0.166151,-0.483812,0.241439,2.87961,-6.0912,0.191423,0.000602124,0.0140921,-3.09932,-0.358158,6.919,-0.365125,-0.000602124,-0.0140921,0.266981,0.0578627,0.164176,0.00649991,0,-0.426081,0.0875267,0.0741833,0.18457,0.254892,0.473037,0.0936742,0.0767752,0.00615105,0.0221048,-0.395276,-0.551746,-0.105683,-0.104426,-0.00633114,-0.0219247,0.0103556,0.00204202,0.00699366,0.00944653,0,0.0134864,-0.00135689,0.00591175,0.0152493,0.00898796,0.0129709,0.0188316,0.0346264,0.00070154,0.0118309,-0.0294702,-0.0533093,-0.00682273,-0.00697569,-0.000521452,-0.012011,0.0895809,0.0661528,0.102421,-0.0645139,0,-6.74642,0.0948466,0.241373,0.307773,1.80622,19.0396,0.0541959,-3.56569,0.00015838,2.53157e-22,-0.551777,-5.17421,0.135517,-12.293,-0.00015838,1.88476e-21,0.0101359,-0.0412958,-0.0923326,0.100716,0,12.5974,-0.126472,0.0389796,-0.373003,-0.923982,26.0732,0.175412,-57.7658,0.0087102,2.9833,-4.02089,-36.4633,-0.365125,73.6245,-0.0087102,-2.9833,0.0676764,0.0305299,0.0531049,-0.00427198,0,-2.55203,0.0481092,0.0874181,0.120477,0.46452,7.10233,0.296021,1.95632,0.0889783,0.54693,-0.479622,-6.76789,-0.294529,-2.48504,-0.0907109,-0.545197,0.00470723,0.00134017,0.00440055,0.0056199,0,0.237653,-0.000241217,0.00810374,0.0107551,0.0191495,0.0682362,0.0186772,0.79703,0.0115689,0.303059,-0.0243002,-0.60917,-0.0201694,-0.268312,-0.00983634,-0.304792,0.00372312,0.00111138,0.00264194,-0.000709661,0,-0.0782953,0.00158574,0.00267554,0.00481359,0.0182574,0.147064,5.91342e-05,0.00122462,1.9254e-06,5.73224e-22,-0.0209438,-0.151311,-9.86636e-06,-0.00182975,-1.9254e-06,2.89613e-21,-0.00162629,-0.000407905,-0.00291276,0.00194071,0,0.16711,-0.00275607,0.00512739,-0.00621667,0.0023139,0.483732,0.000552856,0.00931534,-0.839826,0.000538717,-0.0823472,-0.403166,-0.000602124,-0.0087102,0.839826,-0.000538717,0.0040842,0.00108914,0.00265174,6.1037e-06,0,-0.0383005,0.00167891,0.00202941,0.00380215,0.00908238,0.0980998,0.00495768,0.0263733,0.00123082,0.00738053,-0.0109905,-0.0946907,-0.00508504,-0.0335785,-0.00125562,-0.00735574,0.00018976,4.33731e-05,0.000145203,0.000190709,0,0.00327694,-1.86031e-05,0.000176468,0.000324672,0.000356139,0.00105424,0.000470368,0.010784,0.000159075,0.00408526,-0.00067247,-0.00857155,-0.000343004,-0.00357888,-0.000134282,-0.00411005,0.00124499,0.00139162,0.00169779,-0.00206785,0