#include "orpp/csv.hpp"
#include "Eigen/Dense"
#include "estimableseirfilter.hpp"
#include "hsingleseir.hpp"
#include "hfourseir.hpp"


struct program
{
    bool estimate;
    bool output;
    bool outputx0;
    bool estimatex0;
    seirfilter::evalparams eep;
    seirfilter::evalparams oep;
    double timest = 1;
    unsigned offset = 0;
    vector<seirparaminit> params;
    vector<double> x0;
    vector<double> v0;
};

program g =
{
    true, // bool estimate;
    true, //bool output;
    true, //bool outputx0;
    true,// bool estimatex0;
    {40,7, 0 , true}, // ep
    {40,7, 0 /*320-226*/, true}, // ep
    3*60, // time
    180, // offset
    {
        {"omega",1.80933,0,2,false},// (0.000401915)
        {"pi",2,0,2,false},// (0.00594195)
        {"thetacoef",0.00678003,0,0.3,false},// (6.15469e-05)
        {"eta0",0.173634,0,0.6,false},// (0.000220358)
        {"theta0",0.0120732,0,0.3,false},// (1.46563e-05)
        {"alpha",0.333,0,1,true},// (0.00318631)
        {"sigma",0.1787,0,1,true},// (0.000111562)
        {"varsigma",0.2212,0,1,true},// (0.000345436)
        {"betafactor",0.968276,0,4,false},// (0.00372271)
        {"gammas",0.079,0,1,true},// (6.77232e-05)
        {"gammaa",0.12,0,1,true},// (0.000843711)
        {"iotas",0.00268159,0,1,false},// (7.29238e-06)
        {"mus",7.05295e-05,0,1,false},// (1.42219e-06)
        {"gammah",0.0757222,0,1,false},// (0.000112452)
        {"muh",0.020083,0,1,false},// (6.04347e-05)
    },
    {14244,3322.75,4616.21,1149.91,3013.17,47798.5,648.257,324.523,298.28,640.196,6415.39,11.3856,67.5509,4.83538,9.06697,1711.94,10087.1,144.689,1683.65,73.2366,328.146},
    {
    249095,37602.7,62054.8,12484.5,31319,36122.4,6973.41,-144.505,119.634,64.3764,-20.922,-10.7335,-5.99733,-0.261671,-1.59061,-26.1198,7.53673,10.7335,5.99733,0.261671,1.59061,37602.7,12256.7,12177.6,2530.15,6250.46,9399.82,1461.9,25.6612,-16.1722,-23.1145,17.9153,-2.49032,-1.37558,-0.0591131,-0.364831,-5.61093,1.32108,2.49032,1.37558,0.0591131,0.364831,62054.8,12177.6,24800.1,4031.41,9660.07,11376.4,2306.67,-57.043,46.1942,27.3783,-10.6507,-3.49562,-1.83374,-0.0630504,-0.486343,-8.48569,2.60694,3.49562,1.83374,0.0630504,0.486343,12484.5,2530.15,4031.41,2159.87,2064.49,2581.66,474.337,-13.3497,10.2111,7.64693,-3.8584,-0.276759,-0.296413,0.00187474,-0.0786146,-0.74092,0.0910072,0.276759,0.296413,-0.00187474,0.0786146,31319,6250.46,9660.07,2064.49,9379.67,8574.75,1159.44,-20.819,15.993,13.7781,-3.61642,-2.91683,-1.82167,-0.114019,-0.483142,-7.26254,1.92688,2.91683,1.82167,0.114019,0.483142,36122.4,9399.82,11376.4,2581.66,8574.75,266641,1426.29,186.055,-95.4682,-274.141,271.089,-10.9023,-58.3963,-2.74798,-15.4878,-19.1121,-68.4223,10.9023,58.3963,2.74798,15.4878,6973.41,1461.9,2306.67,474.337,1159.44,1426.29,1095.23,-9.81292,7.71459,5.25493,-2.47428,-0.396788,-0.219195,-0.00820257,-0.0581348,-0.990398,0.308078,0.396788,0.219195,0.00820257,0.0581348,-144.505,25.6612,-57.043,-13.3497,-20.819,186.055,-9.81292,358.854,-158.817,-154.731,-42.6732,-1.57381,-0.785276,-0.0655142,-0.20827,-1.57421,-1.05866,1.57381,0.785276,0.0655142,0.20827,119.634,-16.1722,46.1942,10.2111,15.993,-95.4682,7.71459,-158.817,249.196,-21.2311,-69.0412,-0.0857136,-0.0147434,-0.00201149,-0.00391023,-0.0919439,-0.0144349,0.0857136,0.0147434,0.00201149,0.00391023,64.3764,-23.1145,27.3783,7.64693,13.7781,-274.141,5.25493,-154.731,-21.2311,598.402,-420.791,-0.684585,-0.731484,-0.0393084,-0.194004,-0.713569,-0.935812,0.684585,0.731484,0.0393084,0.194004,-20.922,17.9153,-10.6507,-3.8584,-3.61642,271.089,-2.47428,-42.6732,-69.0412,-420.791,645.554,-12.0948,-77.5778,-2.8018,-20.5751,-13.5535,-99.496,12.0948,77.5778,2.8018,20.5751,-10.7335,-2.49032,-3.49562,-0.276759,-2.91683,-10.9023,-0.396788,-1.57381,-0.0857136,-0.684585,-12.0948,12.3977,1.61658,-0.00417436,0.428749,8.02878,6.4101,-12.3977,-1.61658,0.00417436,-0.428749,-5.99733,-1.37558,-1.83374,-0.296413,-1.82167,-58.3963,-0.219195,-0.785276,-0.0147434,-0.731484,-77.5778,1.61658,73.572,-0.0287907,3.94953,5.95838,73.1509,-1.61658,-73.572,0.0287907,-3.94953,-0.261671,-0.0591131,-0.0630504,0.00187474,-0.114019,-2.74798,-0.00820257,-0.0655142,-0.00201149,-0.0393084,-2.8018,-0.00417436,-0.0287907,2.94924,-0.00763585,0.365824,2.54281,0.00417436,0.0287907,-2.94924,0.00763585,-1.59061,-0.364831,-0.486343,-0.0786146,-0.483142,-15.4878,-0.0581348,-0.20827,-0.00391023,-0.194004,-20.5751,0.428749,3.94953,-0.00763585,16.6107,1.58028,19.401,-0.428749,-3.94953,0.00763585,-16.6107,-26.1198,-5.61093,-8.48569,-0.74092,-7.26254,-19.1121,-0.990398,-1.57421,-0.0919439,-0.713569,-13.5535,8.02878,5.95838,0.365824,1.58028,715.927,-699.994,-8.02878,-5.95838,-0.365824,-1.58028,7.53673,1.32108,2.60694,0.0910072,1.92688,-68.4223,0.308078,-1.05866,-0.0144349,-0.935812,-99.496,6.4101,73.1509,2.54281,19.401,-699.994,801.499,-6.4101,-73.1509,-2.54281,-19.401,10.7335,2.49032,3.49562,0.276759,2.91683,10.9023,0.396788,1.57381,0.0857136,0.684585,12.0948,-12.3977,-1.61658,0.00417436,-0.428749,-8.02878,-6.4101,12.3977,1.61658,-0.00417436,0.428749,5.99733,1.37558,1.83374,0.296413,1.82167,58.3963,0.219195,0.785276,0.0147434,0.731484,77.5778,-1.61658,-73.572,0.0287907,-3.94953,-5.95838,-73.1509,1.61658,73.572,-0.0287907,3.94953,0.261671,0.0591131,0.0630504,-0.00187474,0.114019,2.74798,0.00820257,0.0655142,0.00201149,0.0393084,2.8018,0.00417436,0.0287907,-2.94924,0.00763585,-0.365824,-2.54281,-0.00417436,-0.0287907,2.94924,-0.00763585,1.59061,0.364831,0.486343,0.0786146,0.483142,15.4878,0.0581348,0.20827,0.00391023,0.194004,20.5751,-0.428749,-3.94953,0.00763585,-16.6107,-1.58028,-19.401,0.428749,3.94953,-0.00763585,16.6107,},

};


program g4 =
{
    true, // bool estimate;
    true, //bool output;
    true, //bool outputx0;
    true,// bool estimatex0;
    {40,7,0,true}, // ep
    {40,7,0,true}, // ep
    5*60*60,
    180,
    {{"omega",1.79086,0,2,false},// (0.000563475)
     {"pi",2,0,2,false},// (0.00642141)
     {"thetacoef",0.011488,0,0.3,false},// (5.97464e-05)
     {"eta0",0.168684,0,0.6,false},// (0.000194577)
     {"theta0",0.0107771,0,0.3,false},// (1.82117e-05)
     {"alpha",0.333,0,1,true},// (0.00324025)
     {"sigma",0.1787,0,1,true},// (0.00015388)
     {"varsigma",0.2212,0,1,true},// (0.000552975)
     {"betafactor0",0.770353,0,4,false},// (0.00416412)
     {"gammas0",0.079,0,1,true},// (0.000610644)
     {"gammaa0",0.12,0,1,true},// (0.00554503)
     {"iotas0",0.000321077,0,1,false},// (8.33611e-05)
     {"mus0",9.60577e-07,0,1,true},// (0.000109922)
     {"gam mah0",0.3,0,1,true},// (0.201331)
     {"muh0",2.64698e-23,0,1,true},// (0.0349126)
     {"betafactor20",0.93354,0,4,false},// (0.00369132)
     {"gammas20",0.079,0,1,true},// (0.000154181)
     {"gammaa20",0.12,0,1,true},// (0.0016021)
     {"iotas20",0.000862949,0,1,false},// (2.03883e-05)
     {"mus20",1.76974e-05,0,1,false},// (1.18478e-05)
     {"gammah20",0.13,0,1,true},// (0.00264555)
     {"muh20",0.0076,0,1,true},// (0.00104789)
     {"betafactor65",0.891183,0,4,false},// (0.00431026)
     {"gammas65",0.079,0,1,true},// (0.00106567)
     {"gammaa65",0.12,0,1,true},// (0.00762294)
     {"iotas65",0.0179169,0,1,false},// (0.0002466)
     {"mus65",0.000432383,0,1,false},// (0.000167175)
     {"gammah65",0.0555402,0,1,true},// (0.00139161)
     {"muh65",0.0152824,0,1,true},// (0.000702763)
     {"betafactor80",0.112933,0,4,false},// (0.00659617)
     {"gammas80",0.079,0,1,true},// (0.00497506)
     {"gammaa80",0.12,0,1,true},// (0.0241613)
     {"iotas80",0.0609654,0,1,false},// (0.00490134)
     {"mus80",0.0112409,0,1,false},// (0.00187626)
     {"gammah80",0.0965416,0,1,true},// (0.00332271)
     {"muh80",0.0414032,0,1,true},// (0.00196065)
     },
    {1960.29,477.703,665.413,171.716,446.229,4713.6,93.4167,49.3642,48.0216,96.1716,856.711,0.210101,2.95582,-0.00109602,-4.33344e-24,261.285,1271.05,3.18289,60.552,0.00109602,-5.06993e-18,11168,2568.8,3596.3,893.596,2325.55,30451.9,491.477,243.629,220.434,504.397,5052.86,3.30653,31.2742,0.345683,0.921178,1335.05,7811.1,45.0139,722.094,7.2334,26.4997,1284.57,276.833,377.108,85.4202,214.492,3434.93,53.5642,24.9606,23.9751,34.5584,397.651,4.19741,8.8472,0.591224,1.35698,103.731,706.519,60.7462,563.591,15.6057,140.446,50.6709,26.7541,23.5554,7.20815,17.1246,496.277,5.50184,7.07679,5.66609,5.61745,202.679,2.30762,-38.4852,-1.13948,-19.2377,9.80639,205.411,37.1102,400.372,55.1502,187.227},
    {20604.2,2799.14,4657.53,897.186,2172.67,2685.02,535.637,-3.16669,20.1641,2.71447,-12.3273,-0.0218272,-0.0718322,-0.000418188,-1.64489e-23,-19.0359,8.71634,0.619144,2.40948,0.000418188,9.51839e-23,13297.8,2319.9,3811.87,823.876,2112.63,2237.78,408.337,-17.0771,-5.61932,4.93968,7.00848,-0.222468,-0.257481,-0.00254813,-0.00525437,21.0215,-7.33829,-0.374849,-2.08017,0.00254813,0.00525437,1471.89,178.844,299.061,39.9883,69.3425,46.0049,35.6155,0.475327,1.69247,0.937157,0.852345,-0.0350357,0.0150295,0.00929771,0.00763118,-3.05974,-0.917891,0.0864115,-0.046073,-0.0506065,0.0336776,32.8685,4.40578,6.48826,0.977968,1.7616,1.7855,0.991744,-0.0680642,0.0171787,0.0510018,0.0196068,-0.0479639,0.00237771,0.0199169,-0.00276827,0.00829712,-0.00768794,-0.00341184,0.0286658,0.0213919,-0.0385405,2799.14,1332.92,1116.57,249.885,604.041,1005.33,139.208,7.86094,2.88183,-0.635785,2.71996,-0.00602222,-0.0198342,-8.47908e-05,-3.14251e-24,-12.0035,-1.51368,0.101448,0.61463,8.47908e-05,3.85322e-23,2477.64,358.695,587.879,109.658,272.061,287.89,64.7104,-5.16543,-4.27416,-2.29345,-0.677222,-0.0483145,-0.0527508,-0.000638726,-0.000593085,11.6016,1.49884,-0.0471112,-0.542045,0.000638726,0.000593085,311.592,36.3254,60.9044,7.6625,12.6836,8.43934,7.234,-0.141541,0.0314854,-0.0510846,-0.0163443,-0.0428774,-0.00648518,0.000149572,-0.00116356,0.0588367,0.102688,0.0650614,0.00026078,-0.00730802,0.00832201,7.50829,0.972563,1.44242,0.200207,0.348699,0.379838,0.224811,-0.0296832,-0.0119896,0.00632419,0.00605281,-0.0242476,-0.0052546,0.00112421,-0.00290604,0.0299443,0.0153112,0.00206352,0.011479,0.00603423,-0.0042524,4657.53,1116.57,2514.36,385.712,881.278,1072.94,217.337,-0.996169,10.8564,4.15945,-4.07859,-0.0052366,-0.0236197,-0.000102344,-3.91477e-24,-12.7412,1.63448,0.233911,0.960555,0.000102344,6.54811e-23,4040.38,580.377,950.049,181.712,468.305,517.545,103.815,-6.60371,-5.02623,-0.743692,1.88006,-0.0666335,-0.0764862,-0.000659589,-0.000539496,12.8895,-1.23027,-0.162041,-0.860449,0.000659589,0.000539496,503.122,56.0811,94.6323,11.5593,19.2873,12.5315,11.236,-0.00282532,0.300288,0.206874,0.26169,-0.0212166,0.00602926,0.00250746,0.00272482,-0.539401,-0.234157,0.0421232,-0.0194044,-0.013981,0.00874869,12.0262,1.46199,2.20142,0.296217,0.516111,0.526939,0.335738,-0.0317961,-0.00850649,0.0153971,0.0106162,-0.0229117,0.00212491,0.00502173,-0.000270762,0.0224649,-0.000643995,0.00200507,0.0112502,0.00645178,-0.0112027,897.186,249.885,385.712,286.002,235.225,312.559,46.0245,-2.80218,-0.819626,-0.354294,-2.24676,-0.000833072,-0.00501655,-2.23809e-05,-9.44083e-25,4.10272,1.83184,0.0449699,0.249182,2.23809e-05,1.58279e-23,933.542,118.143,198.387,28.8094,63.7185,60.0536,23.3433,0.821548,1.85408,1.21557,1.49044,-0.000170609,-0.0103472,0.000441257,0.000415738,-3.46879,-1.62454,-0.0439663,-0.233818,-0.000441257,-0.000415738,124.54,14.0971,23.9497,2.6923,4.09889,2.03704,2.94799,0.174963,0.323929,0.173167,0.135999,0.0147314,0.00630432,0.00156683,0.00206991,-0.608813,-0.185734,-0.0230888,-0.0114567,-0.00491646,0.00127972,3.13529,0.392949,0.599655,0.0804518,0.127227,0.11292,0.0897897,0.00105616,0.00869796,0.00463535,-0.00156098,0.00346782,0.00364641,0.00292812,0.00116112,-0.0165601,-0.00977813,0.0048895,0.00150596,0.00042151,-0.00451075,2172.67,604.041,881.278,235.225,1287.88,1511,105.618,-6.00277,-3.9075,-5.502,-11.8783,-0.0084349,-0.0311182,-0.000502074,-2.10635e-23,13.5641,11.1597,0.540625,2.06568,0.000502074,-4.61382e-23,2430.82,307.271,529.747,68.9704,50.9722,-303.699,64.5206,2.82367,5.72561,7.3381,10.796,0.00958872,-0.0378375,0.00626744,0.00630433,-12.9997,-11.117,-0.541779,-1.99672,-0.00626744,-0.00630433,335.197,41.8601,69.5616,8.72783,12.8135,4.14331,8.55102,0.148136,0.461684,0.161599,-0.0175073,-0.0225675,-0.00959276,0.0017289,-0.00127867,-0.747261,0.0287907,0.0125149,-0.0157966,-0.0139507,0.0135005,8.75244,1.29029,1.85422,0.277524,0.460967,0.55284,0.298836,-0.0266281,0.00281281,0.00612338,-0.0201116,-0.0140429,-0.00699399,0.00416799,-0.00460657,-0.00491621,0.00727782,0.0240954,0.0323834,0.00805385,-0.00761526,2685.02,1005.33,1072.94,312.559,1511,31717.9,130.347,10.775,-29.7216,-84.0413,-277.696,-0.117161,-1.71266,-0.0102738,-4.38052e-22,63.8214,288.774,1.41274,28.5052,0.0102738,-3.3827e-22,2839.33,382.09,662.507,82.4294,-253.465,-7770.62,86.7763,14.133,16.7608,46.2038,306.703,0.363589,2.10941,0.159646,0.237667,-63.6461,-292.066,-1.65917,-28.9019,-0.159646,-0.237667,417.524,62.6949,96.5772,14.2905,24.4304,150.508,12.0521,0.259118,0.284075,-0.480623,-2.41067,-0.207789,-0.286943,-0.0116746,-0.0716693,-0.356132,3.0128,0.190674,-0.00450403,-0.0285491,0.111893,11.5643,2.27705,2.80776,0.506878,0.991474,14.344,0.5055,-0.0526083,0.00656734,0.00695689,-0.850776,-0.0287293,-0.19137,-0.0138663,-0.0963684,0.00362978,0.577668,0.045844,0.482817,0.05409,0.0561447,535.637,139.208,217.337,46.0245,105.618,130.347,139.229,1.95077,4.54231,3.31443,1.66698,0.00140544,1.47488e-05,1.97664e-05,6.92947e-25,-8.8332,-2.60137,-0.0495456,0.00820113,-1.97664e-05,9.91297e-24,446.099,65.6026,106.787,21.8878,58.2239,70.4931,10.8783,-2.96759,-3.33283,-2.43155,-1.86982,-0.0199052,-0.012252,-0.000742954,-0.000683332,8.15738,2.40449,0.0680454,0.00403612,0.000742954,0.000683332,55.0208,6.21661,10.4915,1.37673,2.37085,1.87338,1.16497,-0.205582,-0.22934,-0.178309,-0.130572,-0.0346443,-0.00861438,-0.00133254,-0.00237508,0.507946,0.21605,0.0523959,0.0106701,0.000802933,0.00290469,1.29633,0.160645,0.239293,0.0298017,0.057108,0.0628862,0.0394031,-0.0151076,-0.0130722,-0.00126977,0.00515424,-0.0151101,-0.00584015,-0.00209189,-0.00245223,0.0278239,0.0162788,-0.00264147,0.00378442,0.0026215,0.00192262,-3.16669,7.86094,-0.996169,-2.80218,-6.00277,10.775,1.95077,59.1256,-11.1214,-9.32376,6.99075,-0.0102917,-0.0197887,4.9256e-05,3.05306e-24,-28.4901,-16.3135,-0.28327,-0.554174,-4.9256e-05,1.20218e-23,-21.5981,-6.35983,-8.06894,1.16183,2.33272,14.3131,-3.66089,-8.24386,-9.7471,-10.3473,-12.9676,-0.0553328,-0.0288115,-0.00345007,-0.00408428,25.6644,14.7739,0.348894,0.602774,0.00345007,0.00408428,-2.84403,-0.698518,-0.892461,0.112589,0.31485,1.36022,-0.417469,-0.800899,-0.97636,-0.914479,-1.07792,-0.160111,-0.0686359,-0.00931183,-0.0196543,2.26653,1.41598,0.220905,0.0949852,0.0126991,0.0162671,-0.0822587,-0.0168884,-0.0259553,-0.0149812,-0.0110538,-0.0106906,0.00554112,-0.0443933,-0.0444943,-0.0139984,0.00612399,-0.0508332,-0.0392392,-0.0136321,-0.0157416,0.0956102,0.0882947,-0.00996042,0.01289,0.0102449,0.0191289,20.1641,2.88183,10.8564,-0.819626,-3.9075,-29.7216,4.54231,-11.1214,50.46,4.2081,-1.33345,0.00312195,0.00743331,0.000116192,4.79695e-24,-31.6939,-9.76488,-0.389088,-0.376008,-0.000116192,2.03826e-23,-9.54922,-5.75561,-6.61687,2.36777,4.9946,16.9732,-4.31588,-9.73031,-12.7103,-8.59693,-7.18424,-0.0450542,-0.00818206,-0.00242086,-0.00203337,28.5719,8.89541,0.43102,0.376757,0.00242086,0.00203337,-1.24607,-0.646969,-0.718444,0.202117,0.422433,1.17332,-0.484221,-0.951794,-1.27971,-0.774961,-0.55442,-0.130545,-0.032795,-0.00624676,-0.0094494,2.58156,0.900208,0.200035,0.0424309,0.00963424,0.00606193,-0.0473279,-0.0159914,-0.0235584,-0.0234386,-0.0130401,-0.0142452,0.012862,-0.0562104,-0.0649358,-0.00888946,0.0218996,-0.0565095,-0.0207412,-0.0108644,-0.0082717,0.125264,0.0619972,-0.01298,0.0111052,0.00747688,0.0116592,2.71447,-0.635785,4.15945,-0.354294,-5.502,-84.0413,3.31443,-9.32376,4.2081,115.327,-5.63676,0.0268917,0.079461,0.000501415,1.81636e-23,-41.9982,-60.5685,-0.226856,-1.88773,-0.000501415,-2.30441e-23,0.97556,-3.36475,-2.27243,1.1017,6.50671,48.739,-2.77009,-10.286,-8.60395,-24.3418,-51.5021,-0.149259,-0.186544,-0.0120168,-0.01844,37.9451,54.7806,0.349223,1.99481,0.0120168,0.01844,-0.21069,-0.460692,-0.33403,0.0718029,0.391508,3.16814,-0.327075,-0.963056,-0.819356,-2.04009,-4.38527,-0.422482,-0.320094,-0.0322291,-0.0910303,3.05723,4.93651,0.51078,0.445833,0.0384306,0.0848288,-0.0228333,-0.0140969,-0.0145698,-0.00440805,-0.0132079,-0.064243,-0.0017687,-0.0453582,-0.0238736,-0.036273,-0.0564892,-0.0766245,-0.163228,-0.0402403,-0.0659167,0.0870747,0.288955,-0.011673,0.0374893,0.0340388,0.0721182,-12.3273,2.71996,-4.07859,-2.24676,-11.8783,-277.696,1.66698,6.99075,-1.33345,-5.63676,706.994,-0.00955076,-0.564811,0.00158126,7.75977e-23,-70.1069,-614.051,-0.24781,-22.0343,-0.00158126,1.11902e-21,3.58744,-1.42678,0.684797,1.27806,10.6538,327.04,-2.02972,-12.9383,-7.24087,-51.5923,-560.721,-0.421209,-3.4255,-0.136304,-0.267007,62.7243,546.911,0.678569,26.0246,0.136304,0.267007,-0.381896,-0.364992,-0.184477,0.0624984,0.592758,19.7218,-0.267258,-1.21949,-0.688819,-3.90822,-49.6173,-1.43115,-6.03433,-0.357986,-1.68116,4.51572,46.7062,1.58142,10.096,0.440132,1.59902,-0.0388443,-0.014563,-0.0144574,-0.00475328,-0.0146225,-0.503646,-0.000796598,-0.0562136,-0.0155588,-0.0467166,0.96131,-0.125838,-3.48672,-0.559585,-1.43223,0.0881003,3.28102,-0.0244329,-0.574951,0.477439,1.51438,-0.0218272,-0.00602222,-0.0052366,-0.000833072,-0.0084349,-0.117161,0.00140544,-0.0102917,0.00312195,0.0268917,-0.00955076,0.144704,-0.0119613,7.50981e-07,-1.048e-24,-0.0366118,-0.095907,-0.00931762,-0.00107803,-7.50981e-07,-1.55707e-26,-0.126762,-0.0269575,-0.0436216,-0.00165626,-0.0300926,0.0246254,-0.0058494,-0.00587305,-0.00254799,-0.0291816,-0.0774424,-0.00913587,0.000688903,-2.41725e-05,-1.34036e-05,0.124332,0.113061,-0.126251,0.0123504,2.41725e-05,1.34036e-05,-0.0126579,-0.00248133,-0.0031349,0.000123396,0.000641179,0.0059988,-0.00122335,-0.00243032,-0.00275208,-0.00355282,-0.00791606,-0.000821296,-0.000600074,-6.11431e-05,-0.000170493,0.00718691,0.00901978,0.00104372,0.000822256,7.47804e-05,0.000156856,-0.000252455,-4.36228e-05,-6.39338e-05,-6.57198e-05,-3.93139e-05,-0.000135941,4.18013e-05,-0.000140445,-0.00014401,-4.38708e-05,-7.38972e-05,-0.00018141,-0.000298314,-7.87686e-05,-0.000120603,0.000307475,0.000539351,-4.10118e-05,7.61319e-05,6.51313e-05,0.00013424,-0.0718322,-0.0198342,-0.0236197,-0.00501655,-0.0311182,-1.71266,1.47488e-05,-0.0197887,0.00743331,0.079461,-0.564811,-0.0119613,2.63791,1.23483e-05,-2.41271e-23,-0.0954229,-1.68442,0.00109074,-0.349487,-1.23483e-05,-3.04974e-24,-0.294254,-0.062372,-0.0909807,-0.0135505,-0.07666,0.578464,-0.0122945,-0.0151818,-0.00520943,-0.0993462,-1.50109,0.00153317,-0.150787,-0.000603756,-0.00124944,0.380049,3.51833,0.00933734,-2.13763,0.000603756,0.00124944,-0.030413,-0.0057019,-0.00724152,-0.000658877,0.000897135,0.0820837,-0.00192745,-0.00518021,-0.00290596,-0.0167641,-0.255233,-0.00626305,-0.0332995,-0.00190254,-0.00926484,0.0191736,0.233952,0.00693918,0.0595809,0.00241588,0.0087515,-0.000642654,-0.000121909,-0.00015343,-3.04962e-05,-7.83019e-05,-0.00367793,-1.40297e-05,-0.000233227,-6.21592e-05,-0.000200686,0.00883534,-0.000549921,-0.0213237,-0.00321761,-0.0087521,0.000368568,0.0182497,-0.000126217,-0.00495776,0.00270427,0.00926544,-0.000418188,-8.47908e-05,-0.000102344,-2.23809e-05,-0.000502074,-0.0102738,1.97664e-05,4.9256e-05,0.000116192,0.000501415,0.00158126,7.50981e-07,1.23483e-05,0.00543284,-2.49153e-23,-2.7082e-05,-0.00213545,-9.95685e-09,-9.8678e-05,-0.00543284,-4.94625e-22,-0.000286068,-6.62384e-05,-8.13902e-05,1.17201e-05,0.000251806,0.00711607,-4.22851e-05,-0.00015725,-0.000110614,-0.000545276,-0.00604362,-4.6586e-06,-4.90247e-05,-1.58313e-06,-3.13805e-06,0.00072776,0.00604342,3.91757e-06,0.000135354,1.58313e-06,3.13805e-06,-5.94214e-05,-1.46708e-05,-1.67899e-05,-1.1369e-06,2.85509e-06,0.000188238,-5.63746e-06,-1.48003e-05,-1.04931e-05,-4.07519e-05,-0.000549541,-1.44493e-05,-7.09069e-05,-4.09557e-06,-1.97356e-05,5.17204e-05,0.000507364,1.62258e-05,0.000125632,5.23201e-06,1.85992e-05,-2.17304e-06,-6.17545e-07,-6.57604e-07,-2.442e-07,-4.10361e-07,-9.71848e-06,-1.92642e-08,-7.12515e-07,-3.70228e-07,-4.88147e-07,1.93644e-05,-1.44125e-06,-4.5108e-05,-6.85774e-06,-1.85077e-05,1.27756e-06,3.74309e-05,-3.35237e-07,-9.61743e-06,5.7213e-06,1.96441e-05,-1.64489e-23,-3.14251e-24,-3.91477e-24,-9.44083e-25,-2.10635e-23,-4.38052e-22,6.92947e-25,3.05306e-24,4.79695e-24,1.81636e-23,7.75977e-23,-1.048e-24,-2.41271e-23,-2.49153e-23,2.58452e-22,3.01458e-24,-7.18443e-23,4.35692e-26,-9.64997e-24,-2.33536e-22,-2.43938e-41,-1.7662e-23,-4.54342e-24,-6.93845e-24,-9.07965e-25,1.2478e-23,3.5363e-22,-2.02513e-24,-6.16316e-24,-4.62056e-24,-1.99222e-23,-2.59242e-22,1.18079e-25,6.19752e-25,2.40816e-23,-1.57302e-23,2.16207e-23,2.33546e-22,8.86348e-25,3.31573e-23,2.3437e-22,-2.42721e-22,-2.13187e-24,-3.45074e-25,-4.40145e-25,-2.03618e-26,1.68653e-25,8.0245e-24,-1.39101e-25,-4.35417e-25,-2.41894e-25,-1.43441e-24,-2.23288e-23,-5.37986e-25,-2.92311e-24,-1.66548e-25,-8.13149e-25,1.62476e-24,2.04237e-23,5.95903e-25,5.25729e-24,2.1063e-25,7.69068e-25,-8.40467e-26,-2.00706e-26,-2.24284e-26,-4.72235e-27,-1.23942e-26,-4.65335e-25,-3.2841e-27,-1.94963e-26,-5.00501e-27,-1.71232e-26,7.88546e-25,-4.68629e-26,-1.87854e-24,-2.82771e-25,-7.71265e-25,3.0965e-26,1.61421e-24,-1.10538e-26,-4.55632e-25,2.38689e-25,8.15347e-25,-19.0359,-12.0035,-12.7412,4.10272,13.5641,63.8214,-8.8332,-28.4901,-31.6939,-41.9982,-70.1069,-0.0366118,-0.0954229,-2.7082e-05,3.01458e-24,203.983,-29.4067,-0.581919,-1.57361,2.7082e-05,9.44276e-24,32.9224,15.1537,17.2461,-4.23605,-11.1352,-66.3666,10.0881,25.6631,28.6586,38.1357,62.9463,0.301157,0.457392,0.016083,0.0197492,-85.9029,-71.7884,0.317373,1.21164,-0.016083,-0.0197492,4.46437,1.73179,1.91617,-0.364585,-1.04662,-5.2255,1.1632,2.51966,2.89687,3.35459,5.42068,0.644717,0.382576,0.0432434,0.108987,-7.30128,-6.54459,-0.84623,-0.526999,-0.0550966,-0.0971336,0.149926,0.043807,0.061212,0.041811,0.0342584,0.0737025,-0.016987,0.136605,0.127814,0.0519637,0.0247291,0.169153,0.201471,0.0588557,0.0812076,-0.289504,-0.397544,0.03236,-0.0570484,-0.0470026,-0.0930607,8.71634,-1.51368,1.63448,1.83184,11.1597,288.774,-2.60137,-16.3135,-9.76488,-60.5685,-614.051,-0.095907,-1.68442,-0.00213545,-7.18443e-23,-29.4067,744.733,-0.112916,-12.7347,0.00213545,9.91706e-22,-3.54191,2.41583,0.184472,-1.40782,-10.6795,-311.286,2.61099,14.6667,8.88722,54.7347,546.675,0.456334,5.37446,0.136146,0.27154,-71.3739,-568.218,-0.247511,9.04467,-0.136146,-0.27154,0.298928,0.457035,0.237067,-0.0804278,-0.666321,-20.1155,0.336452,1.41823,0.869182,4.28945,50.2295,1.50159,6.07408,0.362646,1.69255,-5.12841,-47.4346,-1.66918,-10.1499,-0.445996,-1.6092,0.0370572,0.016546,0.0160898,0.00551915,0.0170267,0.507938,0.000877855,0.0657035,0.0211034,0.0539843,-0.954564,0.140881,3.50776,0.565492,1.44063,-0.106741,-3.32288,0.0267146,0.568037,-0.482142,-1.52398,0.619144,0.101448,0.233911,0.0449699,0.540625,1.41274,-0.0495456,-0.28327,-0.389088,-0.226856,-0.24781,-0.00931762,0.00109074,-9.95685e-09,4.35692e-26,-0.581919,-0.112916,1.97294,-0.122856,9.95685e-09,-1.18208e-23,-0.652605,-0.0943141,-0.260875,-0.046508,-0.59068,-1.39126,0.0729551,0.302158,0.388145,0.230907,0.330357,-0.12681,0.0138955,8.6137e-06,0.000320297,0.503376,0.0869142,-1.83681,0.107869,-8.6137e-06,-0.000320297,-0.0251603,-0.00364321,-0.00639792,-0.00136063,-0.00256555,-0.00734438,-0.000211511,0.00179939,0.00189641,0.00295841,0.00721127,0.000715297,0.000550728,5.47752e-05,0.000156091,-0.00540539,-0.00807858,-0.000891862,-0.000755663,-6.14679e-05,-0.000149398,0.000967757,0.000260082,0.000296685,0.000101838,0.000153474,0.000529239,2.08564e-05,0.000102233,0.000105096,3.98377e-05,7.99584e-05,0.000144447,0.000273025,6.99381e-05,0.000110834,-0.00022721,-0.000481414,3.21177e-05,-6.8091e-05,-6.32454e-05,-0.000117527,2.40948,0.61463,0.960555,0.249182,2.06568,28.5052,0.00820113,-0.554174,-0.376008,-1.88773,-22.0343,-0.00107803,-0.349487,-9.8678e-05,-9.64997e-24,-1.57361,-12.7347,-0.122856,39.634,9.8678e-05,-2.11465e-21,-1.72258,-0.478883,-0.761594,-0.203774,-1.97571,-28.6245,0.0226294,0.587612,0.376052,1.90556,24.001,0.047776,-2.04661,0.00258146,0.00121801,1.36342,10.927,0.0761577,-37.2379,-0.00258146,-0.00121801,-0.0123857,-0.00582541,-0.00704677,-0.00209779,-0.0075815,-0.163283,-0.000270316,0.00316628,0.0019558,0.0110663,0.240686,0.00435449,0.0325447,0.00179316,0.00903746,-0.012305,-0.214639,-0.00481998,-0.06201,-0.00223241,-0.00859821,0.00420859,0.00109228,0.00115974,0.000245463,0.000603376,0.0144687,0.000222712,0.000138011,4.65885e-05,0.00013416,-0.011851,0.000358615,0.0220374,0.00320065,0.00908227,-0.000253054,-0.0181456,0.000106871,0.00742801,-0.0027614,-0.00952152,0.000418188,8.47908e-05,0.000102344,2.23809e-05,0.000502074,0.0102738,-1.97664e-05,-4.9256e-05,-0.000116192,-0.000501415,-0.00158126,-7.50981e-07,-1.23483e-05,-0.00543284,-2.33536e-22,2.7082e-05,0.00213545,9.95685e-09,9.8678e-05,0.00543284,-5.49656e-21,0.000286068,6.62384e-05,8.13902e-05,-1.17201e-05,-0.000251806,-0.00711607,4.22851e-05,0.00015725,0.000110614,0.000545276,0.00604362,4.6586e-06,4.90247e-05,1.58313e-06,3.13805e-06,-0.00072776,-0.00604342,-3.91757e-06,-0.000135354,-1.58313e-06,-3.13805e-06,5.94214e-05,1.46708e-05,1.67899e-05,1.1369e-06,-2.85509e-06,-0.000188238,5.63746e-06,1.48003e-05,1.04931e-05,4.07519e-05,0.000549541,1.44493e-05,7.09069e-05,4.09557e-06,1.97356e-05,-5.17204e-05,-0.000507364,-1.62258e-05,-0.000125632,-5.23201e-06,-1.85992e-05,2.17304e-06,6.17545e-07,6.57604e-07,2.442e-07,4.10361e-07,9.71848e-06,1.92642e-08,7.12515e-07,3.70228e-07,4.88147e-07,-1.93644e-05,1.44125e-06,4.5108e-05,6.85774e-06,1.85077e-05,-1.27756e-06,-3.74309e-05,3.35237e-07,9.61743e-06,-5.7213e-06,-1.96441e-05,9.51839e-23,3.85322e-23,6.54811e-23,1.58279e-23,-4.61382e-23,-3.3827e-22,9.91297e-24,1.20218e-23,2.03826e-23,-2.30441e-23,1.11902e-21,-1.55707e-26,-3.04974e-24,-4.94625e-22,-2.43938e-41,9.44276e-24,9.91706e-22,-1.18208e-23,-2.11465e-21,-5.49656e-21,5.99119e-21,-4.93548e-23,-3.05656e-23,-5.51099e-23,-1.41041e-23,6.88759e-23,1.99335e-21,-1.02762e-23,-9.42874e-24,-2.06095e-23,2.48259e-23,-9.26778e-22,3.96222e-24,8.77046e-23,4.63441e-22,-2.99104e-22,-3.29161e-23,-1.16463e-21,7.87415e-24,2.02999e-21,5.52775e-21,-5.69208e-21,6.71692e-24,1.62938e-24,2.10038e-24,3.20087e-25,5.39558e-25,1.01268e-22,3.93962e-25,5.58248e-25,3.57354e-25,1.54655e-24,2.61985e-23,5.8331e-25,3.05227e-24,1.68371e-25,8.49255e-25,-1.94704e-24,-2.41104e-23,-6.46529e-25,-5.59229e-24,-4.82947e-25,-5.34679e-25,4.26961e-26,-1.66241e-26,-5.6561e-27,-2.76792e-27,-1.32709e-26,1.18409e-23,-5.37125e-27,2.60051e-26,1.05369e-26,1.92068e-26,6.40546e-24,5.29476e-26,3.39405e-24,6.43664e-25,1.42644e-24,-4.17869e-26,-9.02266e-24,1.02721e-26,-8.5403e-25,-3.29088e-25,-1.74102e-24,13297.8,2477.64,4040.38,933.542,2430.82,2839.33,446.099,-21.5981,-9.54922,0.97556,3.58744,-0.126762,-0.294254,-0.000286068,-1.7662e-23,32.9224,-3.54191,-0.652605,-1.72258,0.000286068,-4.93548e-23,188407,28256.5,46809.3,9347.92,23428.3,26813.7,5142.2,-99.9526,95.7371,44.01,-35.9446,-2.23229,-2.0615,-0.0675777,-0.129026,-20.6582,14.0121,3.01166,4.07834,0.0675777,0.129026,9178.3,1120.17,1871.57,252.622,443.824,307.253,222.625,3.3231,11.0904,6.1265,6.72,-0.107664,0.205645,0.0650208,0.0789274,-20.1909,-7.26154,0.474371,-0.379848,-0.336328,0.19238,174.947,23.9617,35.1785,5.46124,9.99155,9.48056,5.35884,-0.369539,0.0970849,0.304661,0.191093,-0.272076,0.0622,0.128176,0.00256427,0.0786939,-0.109489,-0.0946308,0.112002,0.143131,-0.273872,2319.9,358.695,580.377,118.143,307.271,382.09,65.6026,-6.35983,-5.75561,-3.36475,-1.42678,-0.0269575,-0.062372,-6.62384e-05,-4.54342e-24,15.1537,2.41583,-0.0943141,-0.478883,6.62384e-05,-3.05656e-23,28256.5,9533.07,9388.69,1960.52,4846.43,7280.33,1101.42,27.9873,-7.6271,-14.9935,13.6311,-0.505489,-0.473221,-0.0146444,-0.029942,-17.7573,-1.90305,0.626761,1.01448,0.0146444,0.029942,1927,225.358,377.465,47.7784,80.1957,56.773,44.8008,-0.833017,0.233399,-0.224121,0.397311,-0.226305,-0.00197453,0.00338359,0.00365653,0.205895,0.108173,0.377537,-0.0368973,-0.0527613,0.0457212,36.2181,4.74065,6.99954,0.990543,1.75962,1.81741,1.09337,-0.172617,-0.0896264,0.0333907,0.0598329,-0.143804,-0.0147321,0.00788523,-0.0107762,0.209055,0.0723237,-0.00742776,0.0536039,0.0414925,-0.0386015,3811.87,587.879,950.049,198.387,529.747,662.507,106.787,-8.06894,-6.61687,-2.27243,0.684797,-0.0436216,-0.0909807,-8.13902e-05,-6.93845e-24,17.2461,0.184472,-0.260875,-0.761594,8.13902e-05,-5.51099e-23,46809.3,9388.69,19277.5,3137.12,7486.59,8694.84,1743.22,-38.8818,42.3452,22.9199,-14.0027,-0.737461,-0.640639,-0.0164389,-0.0410486,-16.3667,2.82908,1.04196,1.49321,0.0164389,0.0410486,3117.53,347.375,586.02,71.7568,121.448,83.4264,69.5468,0.158186,2.16238,1.27931,1.96923,-0.0950269,0.0702431,0.017158,0.0260956,-3.79646,-1.84159,0.236024,-0.142294,-0.0939409,0.0506872,58.564,7.28072,10.8821,1.51719,2.69675,2.64288,1.6592,-0.172137,-0.0542974,0.0841727,0.0842414,-0.127409,0.0260993,0.0311969,0.00372459,0.145965,-0.0189987,-0.0135883,0.0459515,0.045586,-0.0805075,823.876,109.658,181.712,28.8094,68.9704,82.4294,21.8878,1.16183,2.36777,1.1017,1.27806,-0.00165626,-0.0135505,1.17201e-05,-9.07965e-25,-4.23605,-1.40782,-0.046508,-0.203774,-1.17201e-05,-1.41041e-23,9347.92,1960.52,3137.12,1711.36,1645.06,2039.45,356.807,-13.6282,3.45563,3.81693,-5.77457,-0.064609,-0.108591,-0.0004261,-0.00726027,9.07566,2.78904,0.112773,0.325915,0.0004261,0.00726027,756.489,86.2613,146.363,16.3474,25.1643,13.3502,18.1838,1.42921,2.52097,1.18637,0.896407,0.118285,0.0458134,0.0104368,0.0147959,-4.65075,-1.2911,-0.183031,-0.0721822,-0.0345225,0.00928972,14.0636,1.7549,2.67253,0.366329,0.577645,0.499444,0.396392,0.0288417,0.0664357,0.0230389,-0.0150919,0.0392092,0.0249858,0.0190979,0.00808348,-0.126921,-0.0674181,0.0255368,0.00138301,0.0049877,-0.0321691,2112.63,272.061,468.305,63.7185,50.9722,-253.465,58.2239,2.33272,4.9946,6.50671,10.6538,-0.0300926,-0.07666,0.000251806,1.2478e-23,-11.1352,-10.6795,-0.59068,-1.97571,-0.000251806,6.88759e-23,23428.3,4846.43,7486.59,1645.06,7615.42,7287.02,869.517,-21.2623,5.00713,2.84436,-17.7015,-0.678407,-0.664251,-0.0369042,-0.0474386,15.0535,13.3856,1.29918,2.71662,0.0369042,0.0474386,2074.26,264.675,438.087,55.7111,82.9458,33.6731,54.1264,1.39581,3.45999,1.5622,1.76373,0.0168852,0.0882766,0.0222906,0.0346665,-6.07128,-1.85711,-0.080296,-0.278206,-0.116626,0.0596693,38.4806,5.42651,7.94533,1.15847,1.84387,1.52141,1.26295,-0.124843,-0.0037361,0.0203131,-0.0730328,-0.0603884,0.0237624,0.0341766,-0.0021592,-0.0190039,-0.0530374,0.123799,0.166167,0.0601592,-0.0921766,2237.78,287.89,517.545,60.0536,-303.699,-7770.62,70.4931,14.3131,16.9732,48.739,327.04,0.0246254,0.578464,0.00711607,3.5363e-22,-66.3666,-311.286,-1.39126,-28.6245,-0.00711607,1.99335e-21,26813.7,7280.33,8694.84,2039.45,7287.02,160620,1051.51,128.947,-95.4107,-271.503,-157.291,-2.49271,-13.5136,-0.631205,-0.908422,68.6296,297.216,3.85934,41.5596,0.631205,0.908422,2526.48,396.832,604.725,92.2526,161.659,1322.73,76.2308,3.39425,3.16962,0.678376,3.77368,-0.165977,-0.29023,0.0303186,-0.0259049,-8.05933,-2.35653,0.00729098,-0.151145,-0.504182,0.499768,46.5577,8.43323,10.877,1.87749,3.35263,44.9478,1.90758,-0.18752,0.0217677,0.0418616,-4.70947,-0.055177,-0.338199,0.0440285,-0.25252,-0.0296253,4.26293,0.213863,0.779574,0.429835,-0.221343,408.337,64.7104,103.815,23.3433,64.5206,86.7763,10.8783,-3.66089,-4.31588,-2.77009,-2.02972,-0.0058494,-0.0122945,-4.22851e-05,-2.02513e-24,10.0881,2.61099,0.0729551,0.0226294,4.22851e-05,-1.02762e-23,5142.2,1101.42,1743.22,356.807,869.517,1051.51,841.852,-2.54109,12.3368,8.13676,0.718158,-0.0567783,-0.0662623,-0.000990286,-0.00383024,-14.8103,-3.76283,-0.0103273,0.0559274,0.000990286,0.00383024,325.564,36.4339,61.556,8.23227,14.436,12.1043,6.68382,-1.48688,-1.76286,-1.16211,-0.702219,-0.218881,-0.0460755,-0.00818486,-0.0126977,3.70202,1.27753,0.343236,0.0562279,0.00554966,0.0153329,6.15039,0.784726,1.15411,0.142906,0.294774,0.314879,0.197483,-0.103575,-0.0983598,-0.00738741,0.0424745,-0.10193,-0.032053,-0.0138356,-0.0134403,0.202352,0.0990029,-0.022424,0.0219005,0.0164708,0.0108051,-17.0771,-5.16543,-6.60371,0.821548,2.82367,14.133,-2.96759,-8.24386,-9.73031,-10.286,-12.9383,-0.00587305,-0.0151818,-0.00015725,-6.16316e-24,25.6631,14.6667,0.302158,0.587612,0.00015725,-9.42874e-24,-99.9526,27.9873,-38.8818,-13.6282,-21.2623,128.947,-2.54109,290.969,-107.334,-105.836,-11.7247,-0.23741,-0.219669,-0.0105409,-0.0104482,-41.6923,-23.5133,-0.058875,-0.352762,0.0105409,0.0104482,-18.0299,-4.5657,-5.93375,0.486357,1.60525,7.70774,-2.51684,-4.64772,-5.63361,-5.37195,-6.03629,-0.912764,-0.377845,-0.0523952,-0.108354,13.1692,8.0223,1.26401,0.524649,0.0727555,0.0879933,-0.304218,-0.0501982,-0.0918187,-0.072451,-0.0406934,-0.0277212,0.0413735,-0.25681,-0.252723,-0.0853705,0.0390896,-0.294528,-0.21971,-0.0775279,-0.0879735,0.550962,0.5029,-0.0567169,0.0729063,0.0571677,0.108334,-5.61932,-4.27416,-5.02623,1.85408,5.72561,16.7608,-3.33283,-9.7471,-12.7103,-8.60395,-7.24087,-0.00254799,-0.00520943,-0.000110614,-4.62056e-24,28.6586,8.88722,0.388145,0.376052,0.000110614,-2.06095e-23,95.7371,-7.6271,42.3452,3.45563,5.00713,-95.4107,12.3368,-107.334,211.984,-0.677546,-42.8083,0.0672386,0.0195105,0.00332261,0.00270508,-46.2113,-14.1969,-0.452836,-0.390353,-0.00332261,-0.00270508,-8.65868,-4.3994,-5.12074,0.940384,2.15737,6.68343,-2.91363,-5.49584,-7.32457,-4.62638,-3.27741,-0.759241,-0.190828,-0.0363938,-0.0550917,14.9572,5.30895,1.15914,0.248954,0.0570018,0.0344836,-0.120269,-0.0402395,-0.0739869,-0.116896,-0.0479116,-0.044784,0.0825093,-0.322739,-0.365578,-0.0573016,0.12434,-0.326437,-0.122129,-0.0631422,-0.0485882,0.715407,0.363892,-0.0734578,0.0640026,0.0425342,0.0691962,4.93968,-2.29345,-0.743692,1.21557,7.3381,46.2038,-2.43155,-10.3473,-8.59693,-24.3418,-51.5923,-0.0291816,-0.0993462,-0.000545276,-1.99222e-23,38.1357,54.7347,0.230907,1.90556,0.000545276,2.48259e-23,44.01,-14.9935,22.9199,3.81693,2.84436,-271.503,8.13676,-105.836,-0.677546,509.36,-253.954,0.0916242,0.102203,0.00873712,0.0135003,-60.6472,-86.2373,-0.29335,-1.90842,-0.00873712,-0.0135003,-1.18919,-3.2033,-2.46581,0.244455,1.88487,16.8742,-2.01241,-5.67129,-4.86268,-11.8164,-24.1128,-2.35845,-1.7453,-0.177734,-0.496613,17.8917,27.3667,2.87235,2.43617,0.214376,0.459971,-0.000778069,-0.0208419,-0.0292564,-0.0115237,-0.0384982,-0.184382,0.00467622,-0.268884,-0.142685,-0.215528,-0.302387,-0.44692,-0.89718,-0.224355,-0.361806,0.518536,1.61572,-0.0669796,0.206308,0.187713,0.398448,7.00848,-0.677222,1.88006,1.49044,10.796,306.703,-1.86982,-12.9676,-7.18424,-51.5021,-560.721,-0.0774424,-1.50109,-0.00604362,-2.59242e-22,62.9463,546.675,0.330357,24.001,0.00604362,-9.26778e-22,-35.9446,13.6311,-14.0027,-5.77457,-17.7015,-157.291,0.718158,-11.7247,-42.8083,-253.954,1399.68,-1.45266,-17.3365,-0.456629,-0.946819,-101.83,-966.611,1.19974,-5.1634,0.456629,0.946819,-3.73991,-2.87465,-1.85305,0.139392,2.59235,107.124,-1.65852,-6.85628,-3.97966,-21.3787,-314.61,-7.81864,-38.7073,-2.24797,-10.7738,25.073,291.566,8.64175,68.0696,2.71925,10.3025,-0.0598262,-0.0171088,-0.0280146,-0.0129296,-0.0403788,-3.4184,0.00867123,-0.317365,-0.0923951,-0.266918,6.72114,-0.693598,-22.9523,-3.61794,-9.45145,0.505202,23.6357,-0.129512,-6.40995,3.14665,9.92273,-0.222468,-0.0483145,-0.0666335,-0.000170609,0.00958872,0.363589,-0.0199052,-0.0553328,-0.0450542,-0.149259,-0.421209,-0.00913587,0.00153317,-4.6586e-06,1.18079e-25,0.301157,0.456334,-0.12681,0.047776,4.6586e-06,3.96222e-24,-2.23229,-0.505489,-0.737461,-0.064609,-0.678407,-2.49271,-0.0567783,-0.23741,0.0672386,0.0916242,-1.45266,2.43622,0.175904,-5.38572e-05,0.0104901,1.20597,0.238604,-2.30027,-0.225213,5.38572e-05,-0.0104901,-0.212014,-0.0424445,-0.0527742,-0.000217507,0.00816328,0.123803,-0.0189406,-0.0397396,-0.0390518,-0.0735728,-0.197741,-0.017515,-0.0158015,-0.00146457,-0.004479,0.123014,0.217508,0.0213547,0.0215453,0.00172347,0.0042201,-0.00387738,-0.000582294,-0.00091852,-0.00070147,-0.000492915,-0.00209165,0.000419981,-0.00211129,-0.00174529,-0.00105573,-0.00290723,-0.00318499,-0.00760513,-0.00183852,-0.00307864,0.0043863,0.0130166,-0.000654645,0.00186139,0.00157962,0.00333755,-0.257481,-0.0527508,-0.0764862,-0.0103472,-0.0378375,2.10941,-0.012252,-0.0288115,-0.00818206,-0.186544,-3.4255,0.000688903,-0.150787,-4.90247e-05,6.19752e-25,0.457392,5.37446,0.0138955,-2.04661,4.90247e-05,8.77046e-23,-2.0615,-0.473221,-0.640639,-0.108591,-0.664251,-13.5136,-0.0662623,-0.219669,0.0195105,0.102203,-17.3365,0.175904,25.1382,-0.00188456,-0.335218,1.44501,13.8066,-0.190488,-22.9408,0.00188456,0.335218,-0.199226,-0.0384315,-0.0477252,-0.0049135,0.0038889,0.740255,-0.0122072,-0.0342469,-0.0175344,-0.117672,-2.75493,-0.050125,-0.368433,-0.0203496,-0.102375,0.130512,2.47389,0.0548052,0.683732,0.0259578,0.0967672,-0.00387239,-0.000692158,-0.00091619,-0.000183104,-0.000445637,-0.0439745,-6.75718e-05,-0.00155645,-0.000356472,-0.00132189,0.10961,-0.00378398,-0.244062,-0.0357404,-0.100481,0.00230868,0.211296,-0.000896156,-0.0712375,0.0301322,0.106089,-0.00254813,-0.000638726,-0.000659589,0.000441257,0.00626744,0.159646,-0.000742954,-0.00345007,-0.00242086,-0.0120168,-0.136304,-2.41725e-05,-0.000603756,-1.58313e-06,2.40816e-23,0.016083,0.136146,8.6137e-06,0.00258146,1.58313e-06,4.63441e-22,-0.0675777,-0.0146444,-0.0164389,-0.0004261,-0.0369042,-0.631205,-0.000990286,-0.0105409,0.00332261,0.00873712,-0.456629,-5.38572e-05,-0.00188456,0.721465,-0.000103972,0.0646609,0.392411,6.9416e-05,-9.3141e-05,-0.721465,0.000103972,-0.0083952,-0.00224042,-0.00257088,-0.000252111,2.19126e-05,0.0208656,-0.000774706,-0.00183703,-0.00132725,-0.0049092,-0.07832,-0.00176682,-0.0101874,-0.000577602,-0.00283338,0.00634898,0.0714904,0.00198084,0.0185276,0.000739992,0.00267099,-0.000147061,-3.56148e-05,-4.34916e-05,-2.10401e-05,-2.62576e-05,-0.00083088,5.85927e-06,-8.91309e-05,-4.70079e-05,-6.07333e-05,0.0029899,-0.000175021,-0.00663368,-0.000989091,-0.00272861,0.000159642,0.00560147,-3.89951e-05,-0.00170645,0.000826701,0.002891,-0.00525437,-0.000593085,-0.000539496,0.000415738,0.00630433,0.237667,-0.000683332,-0.00408428,-0.00203337,-0.01844,-0.267007,-1.34036e-05,-0.00124944,-3.13805e-06,-1.57302e-23,0.0197492,0.27154,0.000320297,0.00121801,3.13805e-06,-2.99104e-22,-0.129026,-0.029942,-0.0410486,-0.00726027,-0.0474386,-0.908422,-0.00383024,-0.0104482,0.00270508,0.0135003,-0.946819,0.0104901,-0.335218,-0.000103972,1.77775,0.0917707,0.849567,-0.010797,0.335249,0.000103972,-1.77775,-0.0118309,-0.00229572,-0.00285096,-0.000298918,0.000198927,0.0430296,-0.000722982,-0.00201052,-0.00102907,-0.00690277,-0.161171,-0.00293838,-0.0215484,-0.00119045,-0.00598765,0.00765847,0.144743,0.00321286,0.0399852,0.00151855,0.00565954,-0.000211537,-3.64189e-05,-4.93671e-05,-9.80854e-06,-2.38638e-05,-0.00253592,-3.07971e-06,-9.13894e-05,-2.09074e-05,-7.75569e-05,0.00639757,-0.000222009,-0.0142723,-0.00209042,-0.00587587,0.000135448,0.0123682,-5.24664e-05,-0.00416459,0.00176232,0.00620398,21.0215,11.6016,12.8895,-3.46879,-12.9997,-63.6461,8.15738,25.6644,28.5719,37.9451,62.7243,0.124332,0.380049,0.00072776,2.16207e-23,-85.9029,-71.3739,0.503376,1.36342,-0.00072776,-3.29161e-23,-20.6582,-17.7573,-16.3667,9.07566,15.0535,68.6296,-14.8103,-41.6923,-46.2113,-60.6472,-101.83,1.20597,1.44501,0.0646609,0.0917707,694.934,-442.181,-1.83367,-3.18848,-0.0646609,-0.0917707,28.3511,11.5268,13.1079,-1.59422,-5.26555,-28.7064,7.00775,14.6108,16.7184,19.5385,29.9323,3.62386,2.08835,0.239831,0.595425,-42.3232,-36.5215,-4.78454,-2.88292,-0.310379,-0.524877,0.442477,0.108449,0.192143,0.19798,0.11896,0.214698,-0.126245,0.790369,0.726405,0.314081,0.118459,0.977293,1.11162,0.330125,0.447315,-1.67009,-2.23447,0.183381,-0.317039,-0.259576,-0.517863,-7.33829,1.49884,-1.23027,-1.62454,-11.117,-292.066,2.40449,14.7739,8.89541,54.7806,546.911,0.113061,3.51833,0.00604342,2.33546e-22,-71.7884,-568.218,0.0869142,10.927,-0.00604342,-1.16463e-21,14.0121,-1.90305,2.82908,2.78904,13.3856,297.216,-3.76283,-23.5133,-14.1969,-86.2373,-966.611,0.238604,13.8066,0.392411,0.8495