#include "orpp/csv.hpp"
#include "Eigen/Dense"
#include "estimableseirfilter.hpp"
#include "hsingleseir.hpp"
#include "hfourseir.hpp"
#include "complexest.hpp"
#include "functions.hpp"


struct program
{
    string input;
    string vac;
    string name;
    vector<seirparaminit> params;

    unsigned estoffset;

    bool computeinitparam;

    bool estimate;
    double etime=100;
    unsigned offset;

    bool estimatevars;
    double evtime=100;
    double regularizationweight;

    bool output;    
    unsigned predictionlength;
    unsigned diflength;

    bool compositeforecast;
    unsigned forecastdate=0;
    unsigned numweeks = 3;
    double volatility = 0.03;

    vector<double> x0;
    vector<double> v0;
};

program g =
{
    "epi.csv",//    string input;
    "21.csv",  // vac
    "single", // string name;
    // vector<seirparaminit> params;
    {
        {"paqshift",9.90773,0,14,false},// (-nan)
        {"v",26,0,2000,true},// (-nan)
        {"ce",312.852,0,200000,true},// (-nan)
        {"cd",199966,0,200000,true},// (-nan)
        {"cu",11236.3,0,200000,true},// (-nan)
        {"ch",59.6551,0,1e+10,true},// (-nan)
        {"rcpef",0.00796441,0,100,true},// (-nan)
        {"hcoef",0.0494476,0,100,true},// (inf)
        {"gcoef",0.0164452,0,100,true},// (0.00463542)
        {"dcoef",0.327983,0,100,true},// (0.0881409)
        {"omega",3.90358,0,10,false},// (0.00455381)
        {"pi",1,0,5,true},// (0.00217803)
        {"thetacoef",0.0054748,0,0.3,false},// (5.334e-05)
        {"eta0",0.2,0,0.6,true},// (0.000224081)
        {"theta0",0.0124642,0,0.3,false},// (3.73119e-05)
        {"hbrigiteffect",0.143911,0,2,false},// (0.00171698)
        {"brigiteffect",0.925464,0,2,false},// (0.000562088)
        {"cycleeffect",0.00837,0,0.5,false},// (0.423579)
        {"sigma",0.1787,0,1,true},// (0.000135708)
        {"varsigma",0.2212,0,1,true},// (0.000261956)
        {"ufactor",1,0,1,true},// (0.00632481)
        {"vfactor",1,0,1,true},// (0.0780555)
        {"gammas0",0.079,0,1,true},// (0.000121793)
        {"gammaa0",0.12,0,1,true},// (0.00143897)
        {"mus",4.95274e-05,1e-10,1,false},// (0.000697445)
        {"muh",0.0218837,0,1,false},// (-nan)
        {"betafactor20",0.913339,0,6,false},// (0.383537)
        {"iotas20",0.00198922,0,1,false},// (7.71395e-06)
        {"gammah20",0.0662127,0,1,false},// (9.59177e-05)
        {"musratio",1,0,1,true},// (14.0981)
        {"muhratio",1,0,1,true},// (-nan)
    },

    0, //60, // 25,  // estoffset

    false, //  bool computeinitparam;

    false, // bool estimate;
    3*60,     // double etime=100;
    180,   // unsigned offset;

    false, // bool estimatevars;
    60,      // double evtime=100;
    10000.0, // double regularizationweight;

    false,        // bool output;
    40,         // unsigned predictionlength;
    7,           // predlength

    true, // bool compositeforecast;
    211+7-1,    //unsigned forecastdate=0;
    2, // unsigned numweeks = 3;
    0.03, // double volatility = 0.03;


    //vector<double> x0;
    //vector<double> v0;

    {2644.18,412.238,1204.63,356.635,234.835,12463.5,371.785,169.587,326.644,692.732,5830.84,42.4244,76.4214,8.95501,24.1417,1605.6,10008.5,115.469,971.096,69.3618,314.57},
    {145737,5386.64,29847.7,10697.7,9090.22,20328.1,-1279.67,155.122,-18.031,-213.387,152.41,-9.63365,-8.33323,-1.89444,-3.01038,218.898,-21.1648,-6.12671,9.0092,4.54275,3.17576,5386.64,14300,2440.45,688.21,943.062,8732.2,-384.526,929.244,-685.802,-574.311,358.04,-10.3214,-3.96213,-0.651017,-1.42502,4.40208,-5.86783,8.9424,3.99517,0.820117,1.43126,29847.7,2440.45,56376.9,4723.92,3421.45,8214.37,44.9233,-44.2821,75.2061,-22.9505,24.74,-3.63612,-3.35387,-0.743668,-1.21049,90.2935,-8.05926,-1.35979,3.66465,1.76728,1.29632,10697.7,688.21,4723.92,8811.45,791.916,1983.59,126.319,-27.3683,31.6959,4.62933,-0.696365,-0.191505,-0.779492,-0.168789,-0.285106,52.0739,-4.37452,-7.83574,1.03009,0.404774,0.350028,9090.22,943.062,3421.45,791.916,3801.89,4350.89,466.08,41.65,-24.7804,-20.9645,17.3383,-3.04005,-1.92397,-0.505732,-0.69204,1.72512,-0.560757,7.89403,2.02796,1.52285,0.726852,20328.1,8732.2,8214.37,1983.59,4350.89,2.94535e+06,491.506,2802.12,-1438.52,-4062.04,34229.8,-210.735,-22378.7,-876.302,-8042.25,-176.935,-31287.6,205.741,22378.7,875.96,8042.26,-1279.67,-384.526,44.9233,126.319,466.08,491.506,9488.4,44.626,-9.10054,18.6083,-15.6339,0.55376,-0.102373,-0.0811036,-0.0373297,5.16503,-0.189354,-1.11326,0.105621,0.247581,0.0358727,155.122,929.244,-44.2821,-27.3683,41.65,2802.12,44.626,865.011,-542.133,-619.61,328.114,-14.2044,-6.29567,-0.653313,-2.26248,-14.1938,-8.9426,13.5057,6.28583,0.46871,2.25888,-18.031,-685.802,75.2061,31.6959,-24.7804,-1438.52,-9.10054,-542.133,591.475,207.787,-219.219,3.78368,1.25949,0.171805,0.45261,4.40231,1.74503,-3.64614,-1.25502,-0.12741,-0.451069,-213.387,-574.311,-22.9505,4.62933,-20.9645,-4062.04,18.6083,-619.61,207.787,1270.79,-897.742,19.6669,13.0111,1.04213,4.67568,19.1259,18.4074,-18.8602,-12.999,-0.801158,-4.67188,152.41,358.04,24.74,-0.696365,17.3383,34229.8,-15.6339,328.114,-219.219,-897.742,1641.43,-46.2119,-576.147,-22.6915,-207.05,-45.1145,-804.997,44.7236,576.118,22.2155,207.042,-9.63365,-10.3214,-3.63612,-0.191505,-3.04005,-210.735,0.55376,-14.2044,3.78368,19.6669,-46.2119,42.9229,-4.55349,0.0661912,-1.48483,18.9353,16.6019,-36.7683,0.397363,-0.0476272,0.786642,-8.33323,-3.96213,-3.35387,-0.779492,-1.92397,-22378.7,-0.102373,-6.29567,1.25949,13.0111,-576.147,-4.55349,454.368,11.5765,106.772,12.0397,556.116,0.353396,-448.505,-11.5604,-108.454,-1.89444,-0.651017,-0.743668,-0.168789,-0.505732,-876.302,-0.0811036,-0.653313,0.171805,1.04213,-22.6915,0.0661912,11.5765,6.32586,4.16024,0.598555,21.1866,-0.0635091,-11.5763,-5.98877,-4.16022,-3.01038,-1.42502,-1.21049,-0.285106,-0.69204,-8042.25,-0.0373297,-2.26248,0.45261,4.67568,-207.05,-1.48483,106.772,4.16024,94.7335,4.32259,199.866,0.764893,-108.455,-4.15447,-92.3468,218.898,4.40208,90.2935,52.0739,1.72512,-176.935,5.16503,-14.1938,4.40231,19.1259,-45.1145,18.9353,12.0397,0.598555,4.32259,837.006,-660.546,-65.1942,-12.2126,-1.67776,-4.40863,-21.1648,-5.86783,-8.05926,-4.37452,-0.560757,-31287.6,-0.189354,-8.9426,1.74503,18.4074,-804.997,16.6019,556.116,21.1866,199.866,-660.546,1457.8,-18.6669,-556.478,-21.8157,-199.923,-6.12671,8.9424,-1.35979,-7.83574,7.89403,205.741,-1.11326,13.5057,-3.64614,-18.8602,44.7236,-36.7683,0.353396,-0.0635091,0.764893,-65.1942,-18.6669,106.484,-17.7269,0.0359691,-3.58444,9.0092,3.99517,3.66465,1.03009,2.02796,22378.7,0.105621,6.28583,-1.25502,-12.999,576.118,0.397363,-448.505,-11.5763,-108.455,-12.2126,-556.478,-17.7269,473.608,11.5601,101.223,4.54275,0.820117,1.76728,0.404774,1.52285,875.96,0.247581,0.46871,-0.12741,-0.801158,22.2155,-0.0476272,-11.5604,-5.98877,-4.15447,-1.67776,-21.8157,0.0359691,11.5601,7.7685,4.15439,3.17576,1.43126,1.29632,0.350028,0.726852,8042.26,0.0358727,2.25888,-0.451069,-4.67188,207.042,0.786642,-108.454,-4.16022,-92.3468,-4.40863,-199.923,-3.58444,101.223,4.15439,102.531,},
};



vector<seirparaminit> newplain =
{
    {"paqshift",6.08563,0,14,false},// (0.00367128)
    {"v",26,0,2000,true},// (0.987325)
    {"ce",41.0908,0,200000,true},// (1.2367)
    {"cd",10555,0,200000,true},// (15532.4)
    {"cu",7554.24,0,200000,true},// (1222.32)
    {"ch",60.2775,0,1e+10,true},// (4.29244)
    {"rcoef",0.252287,0,100,true},// (0.0074909)
    {"hcoef",0.000334341,0,100,true},// (0.00227923)
    {"gcoef",0.000632012,0,100,true},// (0.00149619)
    {"dcoef",4.85491e-17,0,100,true},// (0.000117302)
    {"omega",8.15404,0,10,false},// (0.0149356)
    {"pi",1,0,5,true},// (0.00363171)
    {"thetacoef",0.00943328,0,0.3,false},// (0.000175504)
    {"eta0",0.130607,0,0.6,false},// (0.000224698)
    {"theta0",0.0135984,0,0.3,false},// (6.43455e-05)
    {"hbrigiteffect",0.100504,0,2,false},// (0.00233585)
    {"brigiteffect",1.42286,0,2,false},// (0.00262725)
    {"cycleeffect",0.142051,0,0.5,false},// (6.92083)
    {"sigma",0.1787,0,1,true},// (0.00039696)
    {"varsigma",0.2212,0,1,true},// (0.000504227)
    {"ufactor",1,0,1,true},// (0.00743711)
    {"vfactor",1,0,1,true},// (0.0455374)
    {"gammas",0.0507184,0,1,false},// (0.000113811)
    {"gammaa",0.904684,0,1,false},// (0.10332)
    {"mus",0.000922335,1e-10,1,false},// (0.000884046)
    {"muh",0.0502859,0,1,false},// (0.801974)
    {"betafactor0",3.57435,0,6,false},// (21.6588)
    {"iotas0",0.00189545,0,1,false},// (3.1862e-05)
    {"gammah0",0.500704,0,1,false},// (0.0192648)
    {"musratio0",0.0001,0,1,true},// (0.000414488)
    {"muhratio0",0.05,0,1,true},// (0.797731)
    {"betafactor20",4.15602,0,6,false},// (25.1833)
    {"iotas20",0.000269982,0,1,false},// (7.20778e-06)
    {"gammah20",0.12998,0,1,false},// (0.00248646)
    {"musratio20",0.0436633,0,1,true},// (0.0424063)
    {"muhratio20",0.2,0,1,true},// (3.18947)
    {"betafactor65",3.96392,0,10,false},// (24.0183)
    {"iotas65",0.00968087,0,1,false},// (7.79369e-05)
    {"gammah65",0.130323,0,1,true},// (0.00151546)
    {"musratio65",0.552886,0,1,true},// (0.508822)
    {"muhsatio65",0.5,0,1,true},// (7.97364)
    {"betafactor80",9.9899,0,10,false},// (60.5371)
    {"iotas80",0.00650165,0,1,false},// (0.000146189)
    {"gammah80",0.0133762,0,1,false},// (0.000579205)
    {"musratio80",0.745,0,1,true},// (0.764228)
    {"muhratio80",0.6,0,1,true},// (9.56911)
};


program g4 =
{
    "epi.csv",  //    string input;
    "21.csv",  // vac
    "cohort", // string name;
    // vector<seirparaminit> params;
    newplain,

    0, //15, // estoffset

    false, //  bool computeinitparam;

    true, // bool estimate;
    6*60*60,     // double etime=100;
    180,   // unsigned offset;

    false, // bool estimatevars;
    3*60*60,      // double evtime=100;
    200000.0, // double regularizationweight;

    true,        // bool output;
    35,         // unsigned predictionlength;
    7,           // predlength

    false, // bool compositeforecast;
    211+7-1,    //unsigned forecastdate=0;
    3, // unsigned numweeks = 3;
    0.15, // double volatility = 0.03;


    {379.825,55.803,172.399,51.3361,34.4831,1435.16,59.9787,24.7866,54.6797,114.072,1073.02,0.132924,6.25241,0.00221726,-1.58985e-22,227.338,915.583,0.575834,17.1049,-0.00217329,-2.53641e-21,1951.43,291.697,883.981,261.553,148.18,4877.72,268.26,119.002,228.506,517.383,3904.04,10.067,36.178,2.06028,2.40233,1244.83,8241.84,36.4418,456.983,5.96911,24.8427,302.447,38.7119,120.199,32.96,17.7616,2516.21,40.785,14.6717,32.0999,55.6695,541.175,8.85015,5.87317,10.214,2.87409,112.853,802.865,67.8936,175.556,58.6853,86.351,122.13,14.6814,35.5019,8.21852,1.258,467.606,17.1954,7.99159,13.5243,14.435,276.955,7.92967,53.6585,2.93064e-17,34.186,13.1986,82.372,16.4426,308.014,4.76779e-17,188.197},
    {8014.25,270.808,1213.28,308.028,127.642,286.559,170.224,-0.325181,-11.4251,-36.8261,-33.6949,-0.0386992,-0.404677,-0.00169524,-7.96084e-23,64.4897,42.5293,0.164241,2.56151,0.00170723,2.31431e-22,3893.8,453.625,2566.34,780.751,532.87,1060.75,50.8138,12.767,21.0017,13.8438,34.2629,0.142885,-0.150606,-0.053476,0.00947873,-31.2798,-34.2702,-1.38093,-1.3725,0.113411,-0.0333746,575.365,34.6013,128.555,21.8566,1.5869,9.24467,36.1407,3.96619,9.58446,6.10827,5.78724,0.329645,0.0518821,0.0710079,0.0502177,-15.4212,-7.81381,-0.620495,0.0238904,-0.140437,-0.00433775,233.128,10.7224,37.8122,5.23364,-0.112276,1.51733,11.9809,0.688179,1.90833,0.53025,0.355097,0.3082,0.554387,6.4629e-20,0.222293,-1.32855,-0.785496,-0.072634,-0.755285,-9.65155e-20,-0.251268,270.808,426.926,129.837,31.6439,14.4845,186.513,20.4542,26.2073,-7.72369,-12.5879,6.49003,-0.0136642,-0.120376,-0.000287154,-1.4055e-23,-9.84323,1.49503,-0.0533557,0.139677,0.000285284,2.27174e-23,336.306,37.5736,154.314,42.757,39.4634,95.7069,4.34341,-0.248877,-7.5072,-4.28364,2.46469,-0.00448741,0.00347676,-0.0053069,0.00150299,11.3103,-0.688997,0.105264,-0.0908042,0.0111732,-0.00302047,49.3855,3.10086,11.2543,1.95106,0.151213,0.948072,3.05258,0.302725,0.603703,0.474392,0.569169,0.0297135,0.00528377,0.00707807,0.00512395,-0.971894,-0.72351,-0.048764,0.000682024,-0.0120676,-0.00166737,21.495,1.02085,3.55021,0.498924,-0.00805494,0.173983,1.10978,0.054391,0.139525,0.0378412,0.0390706,0.0203811,0.0515612,6.29211e-21,0.0206019,-0.0759743,-0.0709105,0.0382548,-0.0679754,-7.90325e-21,-0.0226981,1213.28,129.837,1893.13,173.615,59.1763,136.731,76.6457,-4.37633,-9.26106,-24.1918,-23.0522,-0.0265969,-0.232581,-0.000934216,-4.84277e-23,46.1274,28.5758,0.11733,1.62328,0.000940907,1.43706e-22,1420.44,139.699,582.946,155.123,141.326,308.461,49.1022,9.59487,16.3756,17.3347,22.1265,0.177482,-0.0306432,-0.00072546,0.0136573,-35.7939,-25.5428,-0.857475,-0.908037,0.0160929,-0.0221331,225.371,12.2278,45.1034,7.16491,0.351214,2.82685,13.0914,1.36995,3.3115,2.24413,1.99978,0.116587,0.0174173,0.0247387,0.0168782,-5.38666,-2.75046,-0.220279,0.00955816,-0.0495711,-0.00030677,105.044,4.30764,15.5104,2.01512,-0.0567384,0.49941,4.87727,0.245499,0.703857,0.194404,0.120461,0.109276,0.194541,2.26281e-20,0.078511,-0.482452,-0.280325,0.0424199,-0.271087,-3.48602e-20,-0.0895792,308.028,31.6439,173.615,291.888,16.2696,37.9742,12.2627,-3.52368,-10.1954,-8.98311,-7.87643,-0.00902218,-0.071461,-0.000295256,-1.58485e-23,26.5567,9.84728,-0.0391688,0.493044,0.000298807,3.9669e-23,342.99,31.4299,109.254,23.9035,25.6405,62.1261,22.0934,4.67912,12.7094,7.48455,7.46215,0.0702546,-0.00348785,0.00329426,0.00503969,-22.9592,-9.17334,-0.243118,-0.284117,-0.00192506,-0.00654782,57.8403,2.95641,10.8521,1.59831,0.0360987,0.582267,3.30566,0.3539,0.911216,0.564079,0.480448,0.0291959,0.00412398,0.00598491,0.00400051,-1.50934,-0.667058,-0.0609895,0.00262315,-0.0124948,0.000205325,28.8049,1.1286,4.11478,0.510612,-0.0171933,0.111385,1.29848,0.0648427,0.193548,0.0484203,0.0271272,0.0289082,0.0478262,5.42928e-21,0.0191931,-0.144211,-0.068112,-0.00871446,-0.0655968,-8.90514e-21,-0.0217972,127.642,14.4845,59.1763,16.2696,119.494,146.917,4.71543,-2.22718,-5.40756,-12.476,-22.5141,-0.0145588,-0.253706,-0.00130173,-7.81319e-23,17.4546,24.87,0.117329,2.08903,0.00130948,1.12903e-22,136.813,12.0915,35.7932,5.72777,-9.86669,-50.6114,13.7973,3.59842,5.83015,11.8119,22.6344,0.200742,0.0606929,0.0322668,0.0331584,-17.1288,-24.6816,-0.650399,-1.52204,-0.0323512,-0.0359878,25.6228,1.72913,6.24231,1.08488,-0.0221279,0.195419,1.68247,0.13368,0.244362,0.0647507,0.101303,0.00338366,0.000656971,0.00160327,0.000993505,-0.273252,-0.114217,-0.0158322,-0.00473017,-0.00356365,0.000277604,13.6368,0.774099,2.60447,0.394412,-0.00937003,0.203061,0.816049,0.0361247,0.0835586,1.07481e-08,0.00350749,-0.00397189,0.000361984,8.14591e-22,-0.000229166,-0.0285609,-0.0106971,0.0590687,9.37754e-05,-1.97048e-21,-0.000604933,286.559,186.513,136.731,37.9742,146.917,69023.2,4.05275,67.818,-38.2049,-148.775,-5713.12,-0.179282,-133.006,-0.483642,-2.98842e-20,33.4123,5204.72,0.149378,732.071,0.483641,1.21342e-20,277.486,33.1298,88.9519,17.8354,-48.5317,-52941.6,24.2101,9.86458,4.06191,27.8876,5839.45,0.84831,98.63,11.2693,11.3582,-35.0345,-5246.57,-1.05205,-697.536,-11.2761,-11.3573,49.7195,4.06731,13.0922,2.49165,0.229211,-329.964,3.18568,0.363432,0.0899967,-0.877004,-21.3941,0.00685382,0.142551,0.214098,0.163513,0.348752,23.7871,0.00334017,-2.12383,-0.218749,-0.159306,26.0845,1.73706,5.08625,0.799912,0.0100739,81.0764,1.61447,0.136879,0.108843,-0.0829604,-0.341601,-0.0645441,-7.06144,-2.82639e-19,-2.87001,-0.0191507,-1.52365,0.140742,9.02092,4.3893e-19,2.86675,170.224,20.4542,76.6457,12.2627,4.71543,4.05275,385.662,16.5665,53.2233,31.6154,15.8497,0.0297102,0.115421,0.00052039,3.01374e-23,-84.1244,-25.5206,-0.340516,-1.0835,-0.000529316,-8.39475e-23,261.157,25.8962,148.901,48.657,41.4947,83.7843,-31.5641,-12.5263,-45.2226,-32.1777,-16.1998,-0.191617,-0.00960207,-0.024896,-0.010846,81.5327,25.5922,0.992769,0.48125,0.0369756,0.0104402,32.8696,2.00815,7.9345,1.54641,0.23264,0.786209,1.46903,-0.0422791,-0.335422,-0.200856,0.0521581,-0.00536625,0.000902634,0.000590863,0.000861346,0.797668,0.0130181,0.0233959,-0.00244162,0.00184652,-0.0020297,11.7922,0.527464,1.9212,0.283213,0.00530827,0.115174,0.506422,-0.00724695,-0.0290842,-0.0231702,0.0137613,-0.0201797,-0.0022877,7.02711e-22,-0.000512536,0.0822929,0.00333144,0.123653,0.00248905,1.52044e-21,0.00130868,-0.325181,26.2073,-4.37633,-3.52368,-2.22718,67.818,16.5665,48.0498,3.64097,8.62954,34.7786,0.00988924,0.0949781,0.000590629,3.55145e-23,-52.8762,-39.6287,-0.140956,-1.28048,-0.00059679,-8.56421e-23,34.3387,2.20343,19.5717,7.26829,5.82317,18.7406,-14.5954,-7.41163,-22.108,-30.4657,-30.1619,-0.294323,-0.0941356,-0.0364472,-0.0252989,50.7474,38.624,0.793313,0.912286,0.0397588,0.0269568,2.94203,0.15676,0.848832,0.22228,0.0875218,0.270698,-0.151159,-0.159214,-0.436647,-0.57591,-0.564906,-0.037827,-0.00518078,-0.00757068,-0.00496087,1.03767,0.755798,0.0556233,-0.00195711,0.0122984,0.00186138,0.593434,0.0117505,0.0830365,0.0161825,0.00457559,0.0370362,-0.026217,-0.0248251,-0.0629514,-0.0470186,-0.0322604,-0.0342312,-0.057834,-6.12465e-21,-0.0224732,0.0766807,0.0694475,0.0656103,0.0704227,6.99308e-21,0.0242364,-11.4251,-7.72369,-9.26106,-10.1954,-5.40756,-38.2049,53.2233,3.64097,117.347,52.1134,28.7779,0.0528921,0.311056,0.00125345,7.11459e-23,-137.481,-55.5354,-0.512391,-2.26063,-0.00126801,-1.80065e-22,77.0347,-1.22363,45.7905,20.3102,10.7336,15.5601,-51.4072,-20.9312,-68.5634,-57.3515,-38.2177,-0.403224,-0.0382449,-0.0438975,-0.0257065,130.614,54.3296,1.74244,1.14017,0.0556292,0.0280085,6.3779,0.163311,1.84186,0.563826,0.19256,0.260048,-0.754372,-0.477816,-1.409,-1.1475,-0.779633,-0.0586282,-0.00628297,-0.00983088,-0.00599984,2.88228,1.15563,0.113396,-0.00738299,0.0216383,-0.00133402,1.02225,-0.0187211,0.146279,0.0397662,0.0144714,0.0247909,-0.140389,-0.0794028,-0.21054,-0.106082,-0.0348487,-0.0760747,-0.0869795,-8.51166e-21,-0.0340431,0.251017,0.115817,0.216193,0.113437,1.42505e-20,0.038659,-36.8261,-12.5879,-24.1918,-8.98311,-12.476,-148.775,31.6154,8.62954,52.1134,278.36,227.381,0.194225,2.94163,0.00841223,4.93048e-22,-212.333,-346.84,-0.331723,-9.96818,-0.00842112,-8.75452e-22,65.8416,5.37132,41.9502,14.1339,16.8236,58.0965,-31.8682,-27.5501,-58.0675,-173.032,-291.492,-2.30554,-1.64061,-0.344733,-0.274506,206.312,336.89,3.55228,7.57016,0.351039,0.281062,3.86671,0.150506,1.30078,0.335925,0.316297,1.03773,-0.51391,-0.659414,-1.20288,-3.52287,-6.49069,-0.36154,-0.0756746,-0.0886442,-0.0730165,4.26184,7.6271,0.429432,0.0219638,0.110793,0.0576677,-0.243011,-0.0912763,-0.117299,-0.0233016,0.00647738,0.0250326,-0.151844,-0.0983744,-0.166738,-0.225879,-0.432828,-0.184054,-0.599629,-6.61836e-20,-0.229569,0.205739,0.624782,0.182561,0.672393,5.14636e-20,0.236324,-33.6949,6.49003,-23.0522,-7.87643,-22.5141,-5713.12,15.8497,34.7786,28.7779,227.381,6019.63,0.283513,56.9344,0.173891,1.05559e-20,-288.468,-5804.25,-0.419215,-274.86,-0.173901,-1.37342e-20,89.0783,16.2601,49.7012,14.5939,30.5977,8351.05,-14.105,-25.9727,-40.6668,-298.934,-5707.07,-6.54556,-78.4631,-7.36802,-8.62549,277.764,5577.21,7.75601,295.273,7.36298,8.6367,6.33063,0.476957,1.88077,0.421883,0.592189,176.408,-0.0378208,-0.675007,-0.839071,-6.15037,-153.153,-1.63321,-5.45907,-2.2579,-5.36843,5.75321,154.297,1.74766,6.15238,2.28264,5.35205,0.757488,-0.0211364,0.0819096,0.00825964,0.00363118,6.56925,-0.0407726,-0.105425,-0.108117,-0.247261,-4.64487,-0.261114,-9.66963,-1.05486e-18,-3.51023,0.147351,5.72227,0.207064,8.95277,-5.06148e-21,3.5143,-0.0386992,-0.0136642,-0.0265969,-0.00902218,-0.0145588,-0.179282,0.0297102,0.00988924,0.0528921,0.194225,0.283513,0.132507,0.00359465,1.04156e-05,6.05384e-25,-0.233245,-0.427704,-0.00281643,-0.0129017,-1.04233e-05,-1.14897e-24,0.0924668,0.0100091,0.0524871,0.026424,0.0112085,0.080297,-0.0248126,-0.0278224,-0.054269,-0.205437,-0.360052,-0.0049198,-0.00210631,-0.000429518,-0.000312965,0.30783,0.420613,-0.0810871,0.00693737,0.000476149,0.000232081,0.00722378,0.000295263,0.00247944,0.000678237,0.000424419,0.00135849,-0.000765011,-0.000905423,-0.00184198,-0.00442044,-0.0081506,-0.000456165,-9.52279e-05,-0.000111366,-9.18893e-05,0.00594501,0.00956759,0.000560534,2.75112e-05,0.000140308,7.23398e-05,0.0011209,-1.59655e-05,0.000267887,4.30359e-05,7.93869e-06,4.08679e-05,-0.000112285,-0.000136382,-0.000252711,-0.000282772,-0.000538883,-0.000237856,-0.00075441,-8.29156e-23,-0.000288246,0.000325903,0.000781469,0.000329151,0.0008398,6.52192e-23,0.000295962,-0.404677,-0.120376,-0.232581,-0.071461,-0.253706,-133.006,0.115421,0.0949781,0.311056,2.94163,56.9344,0.00359465,12.7425,0.0024941,2.4981e-22,-2.66354,-65.6235,-0.00486701,-4.73996,-0.0024941,-3.46727e-22,0.419771,0.124794,0.283625,0.0957632,0.143489,94.0842,-0.102621,-0.224134,-0.315531,-3.07342,-65.2305,0.014741,-1.30627,-0.0875713,-0.0445508,3.82299,73.0044,-0.465605,-6.22331,0.0913354,0.0395697,0.00662183,0.000230139,0.00606854,0.00226658,0.00751854,2.23888,-0.00615473,-0.00996108,-0.0125409,-0.0814791,-2.04921,-0.0229064,-0.0782215,-0.031929,-0.0769792,0.0784374,2.0836,0.0244915,0.0679024,0.0322714,0.0767534,-0.0135748,-0.00138214,-0.00269283,-0.000374799,8.75155e-05,0.151344,-0.0018256,-0.00150946,-0.00168291,-0.00331291,-0.0944245,-0.00347772,-0.216363,-2.19666e-20,-0.0798027,0.00216168,0.0892451,0.00275359,0.226381,4.61104e-21,0.0798635,-0.00169524,-0.000287154,-0.000934216,-0.000295256,-0.00130173,-0.483642,0.00052039,0.000590629,0.00125345,0.00841223,0.173891,1.04156e-05,0.0024941,0.0178786,-4.09158e-22,-0.00691065,-0.169845,-1.04056e-05,-0.00992553,-0.0178664,-1.64669e-21,0.00206591,0.000395207,0.00132701,0.000419734,0.00110523,0.475875,-0.000546695,-0.000797171,-0.0012834,-0.00858692,-0.184976,-0.00018016,-0.00264915,-0.000256585,-0.00028521,0.00821945,0.180003,0.000190993,0.0100711,0.00025672,0.000285244,7.0241e-05,3.49141e-06,2.45382e-05,6.67448e-06,1.65819e-05,0.00655497,-9.74595e-06,-2.08321e-05,-2.58698e-05,-0.000171431,-0.00421364,-4.72331e-05,-0.00016268,-6.73066e-05,-0.000160167,0.000164697,0.0042547,5.04805e-05,0.000172376,6.80413e-05,0.000159677,-4.45394e-05,-5.4267e-06,-1.08618e-05,-1.85669e-06,8.92784e-08,-2.82338e-07,-5.65596e-06,-3.53967e-06,-3.63742e-06,-6.87022e-06,-0.000159267,-7.25307e-06,-0.000350597,-3.8154e-23,-0.000127205,4.59806e-06,0.000179508,5.74373e-06,0.000340352,4.17317e-24,0.000127342,-7.96084e-23,-1.4055e-23,-4.84277e-23,-1.58485e-23,-7.81319e-23,-2.98842e-20,3.01374e-23,3.55145e-23,7.11459e-23,4.93048e-22,1.05559e-20,6.05384e-25,2.4981e-22,-4.09158e-22,1.41866e-21,-3.99963e-22,-1.03862e-20,-6.69591e-25,-6.21532e-22,-1.00876e-21,-9.19954e-41,3.30807e-22,5.16614e-23,1.60279e-22,4.42645e-23,1.37312e-22,2.79574e-20,-1.33658e-23,-5.29573e-23,-7.37508e-23,-4.89602e-22,-1.15345e-20,1.18733e-23,-3.68098e-23,1.75275e-22,-1.49377e-22,5.40602e-22,1.12717e-20,-3.66077e-23,4.13122e-22,1.21049e-21,-1.24794e-21,2.67954e-23,2.31738e-24,7.51347e-24,1.52925e-24,7.91969e-25,1.14897e-22,1.46796e-24,-3.91034e-25,-5.47882e-25,-6.43803e-24,-1.91814e-22,-2.25706e-24,-7.77483e-24,-3.12332e-24,-7.65182e-24,5.51589e-24,1.97806e-22,2.36081e-24,3.75934e-24,3.14279e-24,7.6391e-24,5.40642e-24,2.041e-25,8.87747e-25,1.30134e-25,1.22922e-27,-4.46386e-24,2.11754e-25,-1.0216e-25,-7.05132e-26,-2.15055e-25,-1.36314e-23,-2.5112e-25,-2.26612e-23,-2.18382e-42,-8.44939e-24,1.17057e-25,9.99785e-24,2.22688e-25,2.66405e-23,1.49644e-42,8.45206e-24,64.4897,-9.84323,46.1274,26.5567,17.4546,33.4123,-84.1244,-52.8762,-137.481,-212.333,-288.468,-0.233245,-2.66354,-0.00691065,-3.99963e-22,449.943,254.994,-0.293201,1.58241,0.00691032,6.10654e-24,-135.354,-1.48531,-88.0589,-37.8698,-25.2463,-71.925,95.236,48.8709,138.144,209.879,277.928,2.12467,1.87679,0.327365,0.180527,-340.39,-339.263,-1.59362,-1.4117,-0.364425,-0.163876,-8.06774,-0.19524,-2.92632,-0.987277,-0.518545,-1.3027,1.64285,1.17193,2.93089,4.31456,6.11934,0.363358,0.0673363,0.0826902,0.064885,-7.37244,-7.5194,-0.496336,-0.00695741,-0.11614,-0.0429928,0.57357,0.148018,0.115985,-0.0155223,-0.025506,-0.0888174,0.378495,0.18571,0.43014,0.318907,0.382684,0.248238,0.586832,6.32595e-20,0.225493,-0.517385,-0.643624,-0.454568,-0.676977,-5.96292e-20,-0.236556,42.5293,1.49503,28.5758,9.84728,24.87,5204.72,-25.5206,-39.6287,-55.5354,-346.84,-5804.25,-0.427704,-65.6235,-0.169845,-1.03862e-20,254.994,5909.49,0.387271,147.781,0.169838,3.44509e-21,-104.471,-17.1105,-59.9387,-18.0882,-33.6959,-7572.53,23.0026,33.513,56.4451,343.299,5579.48,6.53492,78.9261,7.19562,7.90519,-337.99,-5592.88,-6.22984,-161.431,-7.20961,-7.89704,-7.20791,-0.490426,-2.17473,-0.497805,-0.677772,-173.559,0.204748,0.873284,1.1885,7.17541,155.675,1.738,5.48892,2.28502,5.39718,-6.99225,-157.172,-1.87182,-6.14221,-2.31629,-5.37626,-0.664149,0.0511607,-0.0382567,0.000808286,-0.00559583,-7.38843,0.0878858,0.134434,0.156683,0.314007,4.79657,0.314775,9.99698,1.08587e-18,3.6368,-0.206549,-5.90589,-0.257667,-9.32617,-5.88521e-21,-3.64294,0.164241,-0.0533557,0.11733,-0.0391688,0.117329,0.149378,-0.340516,-0.140956,-0.512391,-0.331723,-0.419215,-0.00281643,-0.00486701,-1.04056e-05,-6.69591e-25,-0.293201,0.387271,1.46361,-0.0036192,1.02982e-05,-5.36766e-25,-0.360262,0.0483701,-0.233524,-0.0462823,-0.146142,-0.0863986,0.453243,0.15657,0.563671,0.303801,0.438242,-0.020195,0.0024163,0.000485929,0.000644243,-0.0577599,-0.441621,-0.964968,-0.0314316,-0.000121152,-0.00160493,-0.0283015,-0.00169448,-0.0103189,-0.00325481,-0.000549065,-0.00193784,0.000706039,0.00104615,0.00332467,0.00326038,0.00756831,0.000430949,9.14052e-05,0.000104711,8.80081e-05,-0.00892276,-0.00847283,-0.000695911,-3.0711e-05,-0.000131626,-7.36351e-05,-0.00412092,-0.000280789,-0.00200808,-0.000250341,2.9066e-05,0.000127833,-0.000162432,0.000202349,0.00052306,0.00016244,0.000489281,0.000231027,0.000701029,7.51819e-23,0.00026153,-0.000733204,-0.000665381,-0.00118571,-0.000684004,-6.00168e-23,-0.000249914,2.56151,0.139677,1.62328,0.493044,2.08903,732.071,-1.0835,-1.28048,-2.26063,-9.96818,-274.86,-0.0129017,-4.73996,-0.00992553,-6.21532e-22,1.58241,147.781,-0.0036192,143.791,0.00992478,1.17685e-20,-5.10185,-0.628353,-2.9299,-0.808691,-2.7062,-886.419,1.11428,1.27399,2.32973,9.90125,275.109,0.900735,0.738489,0.357471,0.909759,-1.49816,-148.269,-4.66842,-135.82,-0.32778,-0.950138,-0.336522,-0.0274568,-0.0885571,-0.0164366,-0.00734528,-5.30988,-0.0219131,0.000660531,0.000142174,0.0424172,1.2871,0.0163186,0.0685921,0.028706,0.0677263,-0.0304867,-1.2862,-0.0167077,-0.0832453,-0.0288311,-0.0676338,-0.00957129,0.00255893,0.00241572,0.000673742,0.000116868,0.678955,0.00126339,0.00118506,0.000252374,0.00107373,0.0609746,0.00146253,0.0518768,8.95526e-21,0.0157165,-0.000422264,-0.0776315,-0.00078531,-0.0371414,-7.89415e-21,-0.0157517,0.00170723,0.000285284,0.000940907,0.000298807,0.00130948,0.483641,-0.000529316,-0.00059679,-0.00126801,-0.00842112,-0.173901,-1.04233e-05,-0.0024941,-0.0178664,-1.00876e-21,0.00691032,0.169838,1.02982e-05,0.00992478,0.0179046,-4.59991e-21,-0.00207089,-0.000393864,-0.00133341,-0.000423832,-0.00110776,-0.475882,0.000558667,0.000801126,0.00129773,0.00859454,0.184978,0.000180172,0.00264919,0.000256587,0.000285202,-0.00824415,-0.180007,-0.000190846,-0.0100706,-0.000256727,-0.000285234,-6.95971e-05,-3.39825e-06,-2.44711e-05,-6.72904e-06,-1.66189e-05,-0.00655501,1.00342e-05,2.0928e-05,2.61784e-05,0.000171572,0.00421363,4.72359e-05,0.000162679,6.73064e-05,0.000160167,-0.000165256,-0.00425474,-5.04962e-05,-0.000172375,-6.80431e-05,-0.000159675,4.53451e-05,5.48231e-06,1.10079e-05,1.87336e-06,-9.26753e-08,2.89049e-07,5.74111e-06,3.55711e-06,3.68743e-06,6.88517e-06,0.000159262,7.26398e-06,0.000350599,3.8154e-23,0.000127206,-4.65365e-06,-0.000179515,-5.79069e-06,-0.000340356,-4.17488e-24,-0.000127343,2.31431e-22,2.27174e-23,1.43706e-22,3.9669e-23,1.12903e-22,1.21342e-20,-8.39475e-23,-8.56421e-23,-1.80065e-22,-8.75452e-22,-1.37342e-20,-1.14897e-24,-3.46727e-22,-1.64669e-21,-9.19954e-41,6.10654e-24,3.44509e-21,-5.36766e-25,1.17685e-20,-4.59991e-21,6.24981e-21,2.61999e-22,3.86285e-23,3.64826e-23,3.62784e-24,4.5724e-23,-4.24615e-21,1.35768e-22,8.43027e-23,1.81545e-22,9.29797e-22,1.38965e-20,1.47487e-22,4.6636e-22,7.52557e-22,-4.14379e-22,-6.25074e-24,-3.55558e-21,-5.18095e-22,-1.15803e-20,5.37471e-21,-5.75606e-21,4.20949e-23,3.97891e-24,1.08213e-23,1.99583e-24,-1.4197e-24,-1.67254e-21,4.438e-24,2.90475e-24,3.23457e-24,1.81671e-23,7.01175e-22,4.54397e-24,2.4881e-23,1.00603e-23,2.44874e-23,-1.82243e-23,-6.86616e-22,-4.91283e-24,-4.46464e-23,-1.01526e-23,-2.44251e-23,2.19051e-23,1.55566e-24,4.28426e-24,6.61468e-25,-1.53308e-26,-1.04132e-22,1.58247e-24,4.38589e-25,4.75983e-25,7.82458e-25,-6.01305e-24,7.93333e-25,3.3225e-23,4.25959e-42,1.14816e-23,-5.36497e-25,-1.48837e-23,-4.92645e-25,-1.34312e-23,6.0122e-42,-1.15019e-23,3893.8,336.306,1420.44,342.99,136.813,277.486,261.157,34.3387,77.0347,65.8416,89.0783,0.0924668,0.419771,0.00206591,3.30807e-22,-135.354,-104.471,-0.360262,-5.10185,-0.00207089,2.61999e-22,95769.3,2487.62,16402.4,6489.19,5201.74,11248.8,-1501.91,-16.0395,-153.676,-249.045,-96.7693,-2.8494,-2.51953,-1.14505,-0.376546,432.981,194.899,-0.540439,6.85314,1.76866,0.178388,4169.98,281.696,1009.08,174.989,10.1965,79.7586,295.107,37.5522,86.4367,62.7852,63.7985,3.63886,0.585484,0.796469,0.572425,-147.962,-84.2073,-6.42837,0.10288,-1.48376,-0.122052,1532.29,79.156,270.043,38.8528,-0.913999,12.3849,88.4193,6.095,16.0208,5.31692,3.73472,3.28004,6.01012,6.97968e-19,2.36637,-11.8446,-8.1068,-2.31457,-7.76239,-9.29906e-19,-2.63626,453.625,37.5736,139.699,31.4299,12.0915,33.1298,25.8962,2.20343,-1.22363,5.37132,16.2601,0.0100091,0.124794,0.000395207,5.16614e-23,-1.48531,-17.1105,0.0483701,-0.628353,-0.000393864,3.86285e-23,2487.62,10013.8,1200.98,362.743,518.148,5622.68,-321.912,671.816,-477.836,-428.901,221.289,-2.52475,-1.33429,-0.379652,-0.144634,2.67866,31.9156,1.91151,1.91263,0.39732,0.137019,516.057,37.3595,131.073,24.6425,2.15439,14.9897,33.0243,3.46849,4.14204,6.07606,11.3733,0.542566,0.116674,0.14507,0.114737,-7.9555,-13.1753,-0.706106,-0.0571277,-0.199942,-0.0751728,187.296,10.3835,34.3573,5.24545,-0.0118663,2.55276,10.6485,0.538244,1.03795,0.387281,0.782677,0.230969,0.954574,1.19429e-19,0.367976,-0.283361,-1.15045,0.743219,-1.10499,-1.01271e-19,-0.385901,2566.34,154.314,582.946,109.254,35.7932,88.9519,148.901,19.5717,45.7905,41.9502,49.7012,0.0524871,0.283625,0.00132701,1.60279e-22,-88.0589,-59.9387,-0.233524,-2.9299,-0.00133341,3.64826e-23,16402.4,1200.98,39358.9,2943.73,1982.06,4548.06,-221.438,-96.637,-20.4567,-76.7314,-90.188,-1.2839,-1.07548,-0.473418,-0.166209,227.556,107.966,0.466268,3.32221,0.719394,0.092832,3091.16,159.78,584.203,89.605,1.673,33.9984,173.306,19.0162,44.5259,33.1281,32.7275,1.89424,0.29586,0.414003,0.290469,-75.904,-43.6024,-3.26356,0.0493803,-0.772509,-0.0552503,1158.47,47.0955,167.89,21.6323,-0.68891,5.44125,53.6275,3.0559,8.40597,2.75815,1.88761,1.66982,3.10476,3.61339e-19,1.22428,-6.19845,-4.19261,-0.399846,-4.03518,-4.8085e-19,-1.36833,780.751,42.757,155.123,23.9035,5.72777,17.8354,48.657,7.26829,20.3102,14.1339,14.5939,0.026424,0.0957632,0.000419734,4.42645e-23,-37.8698,-18.0882,-0.0462823,-0.808691,-0.000423832,3.62784e-24,6489.19,362.743,2943.73,6417.17,465.415,1110.29,6.79888,-42.3837,-25.5245,-14.841,-30.4721,-0.206025,-0.257921,-0.113409,-0.0430291,103.954,30.3306,-1.92525,0.982775,0.17314,0.0286696,966.102,46.942,171.422,23.8317,-0.359243,7.93133,54.0696,6.11625,15.865,10.0506,9.19402,0.561868,0.0821346,0.11666,0.0806544,-27.1077,-12.4738,-1.08814,0.0246773,-0.233041,-0.00759977,362.805,13.9307,50.3467,6.05942,-0.247861,1.28765,16.3238,0.990517,2.86552,0.843094,0.488695,0.551637,0.901909,1.01341e-19,0.353424,-2.39913,-1.20346,-0.7167,-1.15623,-1.47668e-19,-0.394739,532.87,39.4634,141.326,25.6405,-9.86669,-48.5317,41.4947,5.82317,10.7336,16.8236,30.5977,0.0112085,0.143489,0.00110523,1.37312e-22,-25.2463,-33.6959,-0.146142,-2.7062,-0.00110776,4.5724e-23,5201.74,518.148,1982.06,465.415,2508.32,2794.48,281.362,15.1982,-18.3516,-29.6855,-34.2144,-0.887169,-0.602287,-0.36213,-0.119359,33.1571,43.2395,2.97159,2.71862,0.637912,0.0311806,659.784,47.1663,168.267,29.9917,-0.0841631,9.90675,45.3666,4.02382,7.00683,3.44298,7.30353,0.303438,0.0786671,0.0992528,0.0854293,-9.2486,-8.17495,-0.601038,-0.156876,-0.158535,-0.0489119,238.025,13.3057,45.3124,6.86246,-0.200929,2.27394,14.2487,0.611538,1.57072,0.144007,0.275303,0.0467901,0.473205,7.07914e-20,0.164672,-0.610736,-0.59263,0.941356,-0.446515,-6.0789e-20,-0.183139,1060.75,95.7069,308.461,62.1261,-50.6114,-52941.6,83.7843,18.7406,15.5601,58.0965,8351.05,0.080297,94.0842,0.475875,2.79574e-20,-71.925,-7572.53,-0.0863986,-886.419,-0.475882,-4.24615e-21,11248.8,5622.68,4548.06,1110.29,2794.48,914292,214.492,1995.22,-1008.43,-3111.69,-4269.72,-48.9653,-2636.97,-212.089,-263.72,16.4139,5632.94,47.5873,3429.01,211.941,263.773,1308.67,113.765,359.352,70.1722,9.34345,-2822.68,87.9986,12.6536,4.80579,-10.3665,1152.19,-2.08527,4.43006,3.77156,4.38669,-4.44737,-1077.37,1.66574,-71.1319,-3.9243,-4.27937,459.907,29.1579,87.9586,13.7435,0.0830282,167.959,27.7248,1.9921,1.90486,-0.949135,-56.1388,-0.649165,-19.6311,4.50039e-18,-8.82078,-0.25775,-9.46805,2.49389,86.1759,3.84298e-17,8.7713,50.8138,4.34341,49.1022,22.0934,13.7973,24.2101,-31.5641,-14.5954,-51.4072,-31.8682,-14.105,-0.0248126,-0.102621,-0.000546695,-1.33658e-23,95.236,23.0026,0.453243,1.11428,0.000558667,1.35768e-22,-1501.91,-321.912,-221.438,6.79888,281.362,214.492,7425.83,80.1993,193.809,56.0857,4.95307,0.382343,-0.0117897,-0.0256813,0.00422713,-219.921,-32.3083,-2.19577,-0.346874,0.0399629,-0.014897,2.48473,0.647583,19.3439,9.89817,4.30032,7.71233,-18.6108,-7.8014,-26.0585,-15.7316,-6.23881,-0.623792,-0.0406161,-0.0752986,-0.0384445,48.9543,11.5263,1.53149,-0.142227,0.261068,-0.0721687,4.12302,1.04102,4.85717,1.60347,0.345555,1.50517,-1.67918,-1.23259,-3.70312,-1.58707,-0.0732177,-1.12796,-0.860425,-7.03246e-20,-0.340127,4.59712,1.25476,4.03388,1.2321,1.89781e-19,0.415201,12.767,-0.248877,9.59487,4.67912,3.59842,9.86458,-12.5263,-7.41163,-20.9312,-27.5501,-25.9727,-0.0278224,-0.224134,-0.000797171,-5.29573e-23,48.8709,33.513,0.15657,1.27399,0.000801126,8.43027e-23,-16.0395,671.816,-96.637,-42.3837,15.1982,1995.22,80.1993,654.403,-342.023,-418.948,280.38,-2.99239,-1.96676,-0.335472,-0.176796,-100.045,-55.7419,2.15908,1.26709,0.269427,0.196002,1.14138,-0.693436,4.20766,2.54315,1.94348,5.43236,-8.39477,-4.3643,-11.8026,-14.7319,-12.5148,-0.871837,-0.106474,-0.165861,-0.101157,26.9305,17.4552,1.29765,-0.0791983,0.290163,0.0188953,1.23283,0.124259,0.889495,0.332565,0.133081,1.17776,-0.976312,-0.620527,-1.64217,-1.2466,-0.690073,-0.879511,-1.31841,-1.39432e-19,-0.517948,1.98998,1.64617,1.63753,1.66793,1.70509e-19,0.566117,21.0017,-7.5072,16.3756,12.7094,5.83015,4.06191,-45.2226,-22.108,-68.5634,-58.0675,-40.6668,-0.054269,-0.315531,-0.0012834,-7.37508e-23,138.144,56.4451,0.563671,2.32973,0.00129773,1.81545e-22,-153.676,-477.836,-20.4567,-25.5245,-18.3516,-1008.43,193.809,-342.023,691.599,245.669,-99.0645,1.52299,0.547323,0.166352,0.076748,-310.583,-90.1677,-3.54867,-1.66681,-0.183265,-0.0774059,-7.7179,-7.19344,5.56645,6.92855,4.3695,3.06623,-30.527,-13.582,-38.4681,-32.857,-22.1944,-1.64118,-0.177076,-0.277509,-0.168436,78.6013,33.0312,3.01099,-0.220858,0.60992,-0.0424359,4.25098,-0.288547,3.16995,1.18529,0.393482,1.01267,-3.64792,-2.07937,-5.51157,-3.04329,-1.0258,-2.146,-2.46186,-2.46672e-19,-0.97082,6.63747,3.30393,5.67223,3.26515,3.94694e-19,1.1031,13.8438,-4.28364,17.3347,7.48455,11.8119,27.8876,-32.1777,-30.4657,-57.3515,-173.032,-298.934,-0.205437,-3.07342,-0.00858692,-4.89602e-22,209.879,343.299,0.303801,9.90125,0.00859454,9.29797e-22,-249.045,-428.901,-76.7314,-14.841,-29.6855,-3111.69,56.0857,-418.948,245.669,1269.84,-191.543,8.53587,7.71351,1.22261,0.870029,-341.935,-554.503,-9.37891,-13.52,-1.16922,-0.896596,-18.2656,-6.2703,1.40214,2.53665,6.76834,14.5604,-22.7253,-18.5965,-33.8691,-90.3826,-151.571,-8.47256,-1.74827,-2.05057,-1.68547,113.037,180.728,10.208,0.411925,2.64546,1.27228,-6.15383,-0.741347,-0.620445,0.0545123,0.26568,3.68109,-3.03195,-2.3625,-4.45765,-6.15367,-9.84906,-4.85458,-14.1962,-1.56765e-18,-5.45439,5.64886,14.9676,4.88059,16.1304,1.25537e-18,5.63956,34.2629,2.46469,22.1265,7.46215,22.6344,5839.45,-16.1998,-30.1619,-38.2177,-291.492,-5707.07,-0.360052,-65.2305,-0.184976,-1.15345e-20,277.928,5579.48,0.438242,275.109,0.184978,1.38965e-20,-96.7693,221.289,-90.188,-30.4721,-34.2144,-4269.72,4.95307,280.38,-99.0645,-191.543,12765.2,0.052837,106.347,9.85826,11.3409,-456.571,-12087.2,-1.44581,-315.411,-9.97518,-11.3064,2.60648,-1.58892,5.76394,2.61828,11.2216,4097.44,-11.534,-17.5163,-21.8698,-137.288,-5459.56,-40.0729,-188.84,-74.7639,-185.667,133.233,5480.32,42.8385,208.622,75.3394,185.291,1.06996,0.0895211,0.591655,0.186727,0.191579,566.489,-1.27602,-2.08915,-2.79201,-6.05383,-142.516,-6.07303,-338.591,-3.54646e-17,-123.67,3.64182,171.369,4.73489,318.295,-4.55223e-18,123.762,0.142885,-0.00448741,0.177482,0.0702546,0.200742,0.84831,-0.191617,-0.294323,-0.403224,-2.30554,-6.54556,-0.0049198,0.014741,-0.00018016,1.18733e-23,2.12467,6.53492,-0.020195,0.900735,0.000180172,1.47487e-22,-2.8494,-2.52475,-1.2839,-0.206025,-0.887169,-48.9653,0.382343,-2.99239,1.52299,8.53587,0.052837,8.74859,-0.830303,0.0277232,-0.0208277,0.781782,-7.41743,-5.86156,-2.54229,-0.00763322,-0.012981,-0.218895,-0.0378341,-0.00185404,0.0150868,0.0765599,0.327388,-0.126609,-0.154253,-0.208632,-1.01967,-3.10028,-0.151611,-0.0454745,-0.0430868,-0.0442338,1.05725,3.42229,0.171812,0.0263952,0.048316,0.0407005,-0.0762983,-0.00439193,-0.00862639,-0.000264246,0.00155705,0.0686598,-0.0163178,-0.0181874,-0.0258763,-0.0520129,-0.202777,-0.0495015,-0.278212,-3.02587e-20,-0.105119,0.0353413,0.252424,0.0403567,0.296852,1.95853e-20,0.106145,-0.150606,0.00347676,-0.0306432,-0.00348785,0.0606929,98.63,-0.00960207,-0.0941356,-0.0382449,-1.64061,-78.4631,-0.00210631,-1.30627,-0.00264915,-3.68098e-23,1.87679,78.9261,0.0024163,0.738489,0.00264919,4.6636e-22,-2.51953,-1.33429,-1.07548,-0.257921,-0.602287,-2636.97,-0.0117897,-1.96676,0.547323,7.71351,106.347,-0.830303,61.341,1.21684,0.846148,0.566985,-113.81,-1.52926,-58.3838,-1.19363,-0.875162,-0.223295,-0.0230049,-0.0385807,-0.00227935,0.0749168,40.1785,-0.049145,-0.0958985,-0.0792556,-0.933003,-76.887,-0.437289,-2.60772,-1.01202,-2.56412,0.819823,77.076,0.456585,2.68496,1.01486,2.56239,-0.0837689,-0.00480893,-0.0138417,-0.00170262,0.000957208,7.09373,-0.00931184,-0.0120103,-0.0112869,-0.0311679,-2.24315,-0.0360381,-4.92574,-5.12936e-19,-1.80812,0.0131455,2.37986,0.0246152,4.84074,-5.63927e-20,1.8083,-0.053476,-0.0053069,-0.00072546,0.00329426,0.0322668,11.2693,-0.024896,-0.0364472,-0.0438975,-0.344733,-7.36802,-0.000429518,-0.0875713,-0.000256585,1.75275e-22,0.327365,7.19562,0.000485929,0.357471,0.000256587,7.52557e-22,-1.14505,-0.379652,-0.473418,-0.113409,-0.36213,-212.089,-0.0256813,-0.335472,0.166352,1.22261,9.85826,0.0277232,1.21684,3.53838,0.114106,-0.140385,-10.5922,-0.0163638,-1.4669,-3.45199,-0.145339,-0.113358,-0.0118068,-0.0248033,-0.00318986,0.0118892,3.75664,-0.0198813,-0.0211593,-0.0241439,-0.157356,-6.41614,-0.0470176,-0.213029,-0.0848787,-0.209451,0.152695,6.44781,0.0502405,0.227004,0.085549,0.209013,-0.0398401,-0.00246844,-0.00704438,-0.000987637,0.000203163,0.57556,-0.00375763,-0.00256961,-0.00318478,-0.00674745,-0.183798,-0.00689762,-0.407054,-4.30212e-20,-0.149204,0.00401548,0.208088,0.0051175,0.392453,-5.50612e-21,0.149309,0.00947873,0.00150299,0.0136573,0.00503969,0.0331584,11.3582,-0.010846,-0.0252989,-0.0257065,-0.274506,-8.62549,-0.000312965,-0.0445508,-0.00028521,-1.49377e-22,0.180527,7.90519,0.000644243,0.909759,0.000285202,-4.14379e-22,-0.376546,-0.144634,-0.166209,-0.0430291,-0.119359,-263.72,0.00422713,-0.176796,0.076748,0.870029,11.3409,-0.0208277,0.846148,0.114106,5.25319,0.100664,-11.3007,-0.0305997,-1.72927,-0.155115,-5.18988,-0.0341072,-0.00331219,-0.00684826,-0.000721211,0.00752027,3.98454,-0.00621809,-0.00995286,-0.00871474,-