#include "orpp/csv.hpp"
#include "Eigen/Dense"
#include "estimableseirfilter.hpp"
#include "hsingleseir.hpp"
#include "hfourseir.hpp"


struct program
{
    bool estimate;
    bool output;
    bool outputx0;
    bool estimatex0;
    seirfilter::evalparams eep;
    seirfilter::evalparams oep;
    double timest = 1;
    unsigned offset = 0;
    vector<seirparaminit> params;
    vector<double> x0;
    vector<double> v0;
};

program g =
{
    true, // bool estimate;
    true, //bool output;
    true, //bool outputx0;
    true,// bool estimatex0;
    {40,7, 0 , true}, // ep
    {40,7, 0 , false, false, 100}, // ep
    3*60, // time
    180, // offset
    {{"omega",3.43863,0,5,false},// (0.00170454)
     {"pi",2,0,2,false},// (0.000515321)
     {"thetacoef",0.00423871,0,0.3,false},// (3.26906e-05)
     {"eta0",0.31481,0,0.6,false},// (0.000129205)
     {"theta0",0.0238553,0,0.3,false},// (1.38814e-05)
     {"sigma",0.1787,0,1,true},// (6.46861e-05)
     {"varsigma",0.2212,0,1,true},// (0.000186595)
     {"betafactor",4,0,4,false},// (0.00469341)
     {"gammas",0.079,0,1,true},// (3.48686e-05)
     {"gammaa",0.12,0,1,true},// (0.000359794)
     {"iotas",0.00362946,0,1,false},// (2.10317e-06)
     {"mus",8.65055e-05,0,1,false},// (9.16082e-07)
     {"gammah",0.0762263,0,1,false},// (8.40601e-05)
     {"muh",0.0202933,0,1,false},// (4.35622e-05)
     },
     {8417.75,925.471,3052.59,389.805,2650.62,23301,914.897,182.405,383.694,816.522,6454,2.1595,-55.2142,4.02979,-15.6148,1669.62,9989.74,153.344,1790.44,74.0422,352.828},
     {
     111821,6874.28,27541.5,2843.71,16278.1,9539.56,6495.54,-106.578,85.8922,56.6518,-18.7421,-10.3435,-5.33259,-0.127722,-1.42,-22.147,4.92321,10.3435,5.33259,0.127722,1.42,6874.28,1850.07,2507.74,270.978,1489.71,1192.93,647.712,22.0567,-15.874,-14.478,10.2274,-1.18269,-0.581411,-0.0132761,-0.154822,-2.22562,0.29342,1.18269,0.581411,0.0132761,0.154822,27541.5,2507.74,13160.3,1040.5,5478.74,3244.68,2447.91,-46.0293,36.4742,25.0064,-9.73099,-3.48525,-1.75717,-0.00996502,-0.467913,-7.44521,1.72491,3.48525,1.75717,0.00996502,0.467913,2843.71,270.978,1040.5,541.273,624.606,373.692,265.33,-6.09944,4.68161,3.53393,-1.70259,-0.233433,-0.147266,0.00639805,-0.0392151,-0.515427,0.101911,0.233433,0.147266,-0.00639805,0.0392151,16278.1,1489.71,5478.74,624.606,7021.16,3424.14,1433.65,-22.9092,16.6865,18.3681,-5.24898,-3.89091,-2.29164,-0.103671,-0.610234,-8.54237,1.64591,3.89091,2.29164,0.103671,0.610234,9539.56,1192.93,3244.68,373.692,3424.14,68392.1,909.15,97.4327,-50.5827,-133.992,139.798,-11.403,-31.3932,-1.50012,-8.35962,-20.0344,-32.6216,11.403,31.3932,1.50012,8.35962,6495.54,647.712,2447.91,265.33,1433.65,909.15,1809.61,-13.5596,10.5049,7.97717,-3.43532,-0.89721,-0.461675,-0.0053616,-0.122938,-1.95311,0.465928,0.89721,0.461675,0.0053616,0.122938,-106.578,22.0567,-46.0293,-6.09944,-22.9092,97.4327,-13.5596,282.619,-148.235,-140.643,10.3359,-2.43732,-1.22393,-0.0896807,-0.325916,-2.33938,-1.73746,2.43732,1.22393,0.0896807,0.325916,85.8922,-15.874,36.4742,4.68161,16.6865,-50.5827,10.5049,-148.235,276.329,-55.0538,-72.4166,-0.47279,-0.109427,-0.012384,-0.029139,-0.444283,-0.179456,0.47279,0.109427,0.012384,0.029139,56.6518,-14.478,25.0064,3.53393,18.3681,-133.992,7.97717,-140.643,-55.0538,677.915,-474.21,-3.73187,-3.2419,-0.170942,-0.863277,-3.66816,-4.33983,3.73187,3.2419,0.170942,0.863277,-18.7421,10.2274,-9.73099,-1.70259,-5.24898,139.798,-3.43532,10.3359,-72.4166,-474.21,769.244,-24.1124,-160.895,-5.10201,-42.8442,-25.9217,-207.032,24.1124,160.895,5.10201,42.8442,-10.3435,-1.18269,-3.48525,-0.233433,-3.89091,-11.403,-0.89721,-2.43732,-0.47279,-3.73187,-24.1124,18.7695,9.48631,-0.0275032,2.52609,16.4688,14.2856,-18.7695,-9.48631,0.0275032,-2.52609,-5.33259,-0.581411,-1.75717,-0.147266,-2.29164,-31.3932,-0.461675,-1.22393,-0.109427,-3.2419,-160.895,9.48631,124.437,-0.277311,31.8243,12.047,153.423,-9.48631,-124.437,0.277311,-31.8243,-0.127722,-0.0132761,-0.00996502,0.00639805,-0.103671,-1.50012,-0.0053616,-0.0896807,-0.012384,-0.170942,-5.10201,-0.0275032,-0.277311,5.75367,-0.0738445,0.649751,4.72526,0.0275032,0.277311,-5.75367,0.0738445,-1.42,-0.154822,-0.467913,-0.0392151,-0.610234,-8.35962,-0.122938,-0.325916,-0.029139,-0.863277,-42.8442,2.52609,31.8243,-0.0738445,9.78601,3.20797,40.8546,-2.52609,-31.8243,0.0738445,-9.78601,-22.147,-2.22562,-7.44521,-0.515427,-8.54237,-20.0344,-1.95311,-2.33938,-0.444283,-3.66816,-25.9217,16.4688,12.047,0.649751,3.20797,704.847,-672.474,-16.4688,-12.047,-0.649751,-3.20797,4.92321,0.29342,1.72491,0.101911,1.64591,-32.6216,0.465928,-1.73746,-0.179456,-4.33983,-207.032,14.2856,153.423,4.72526,40.8546,-672.474,885.762,-14.2856,-153.423,-4.72526,-40.8546,10.3435,1.18269,3.48525,0.233433,3.89091,11.403,0.89721,2.43732,0.47279,3.73187,24.1124,-18.7695,-9.48631,0.0275032,-2.52609,-16.4688,-14.2856,18.7695,9.48631,-0.0275032,2.52609,5.33259,0.581411,1.75717,0.147266,2.29164,31.3932,0.461675,1.22393,0.109427,3.2419,160.895,-9.48631,-124.437,0.277311,-31.8243,-12.047,-153.423,9.48631,124.437,-0.277311,31.8243,0.127722,0.0132761,0.00996502,-0.00639805,0.103671,1.50012,0.0053616,0.0896807,0.012384,0.170942,5.10201,0.0275032,0.277311,-5.75367,0.0738445,-0.649751,-4.72526,-0.0275032,-0.277311,5.75367,-0.0738445,1.42,0.154822,0.467913,0.0392151,0.610234,8.35962,0.122938,0.325916,0.029139,0.863277,42.8442,-2.52609,-31.8243,0.0738445,-9.78601,-3.20797,-40.8546,2.52609,31.8243,-0.0738445,9.78601,},
     // contrast = 86899.8
};


program g4 =
{
    false, // bool estimate;
    true, //bool output;
    false, //bool outputx0;
    false,// bool estimatex0;
    {40,7,0,true}, // ep
    {40,1,0,false, false, 120}, // ep
    5*60*60,
    180,
    // alpha = 0.179
    {{"omega",3.43234,0,4,false},// (0.00279641)
    {"pi",2,0,2,false},// (0.000894841)
    {"thetacoef",0.0122541,0,0.3,false},// (3.88345e-05)
    {"eta0",0.323614,0,0.6,false},// (0.000115155)
    {"theta0",0.0214656,0,0.3,false},// (1.81883e-05)
    {"sigma",0.1787,0,1,true},// (8.10675e-05)
    {"varsigma",0.2212,0,1,true},// (0.000298817)
    {"betafactor0",3.49339,0,4,false},// (0.0122106)
    {"gammas0",0.079,0,1,true},// (0.00061668)
    {"gammaa0",0.12,0,1,true},// (0.00733737)
    {"iotas0",0.000256668,0,1,false},// (7.59694e-05)
    {"mus0",1.84603e-06,0,1,false},// (0.000137006)
    {"gammah0",0.268925,0,1,false},// (0.363094)
    {"muh0",2.75522e-23,0,1,false},// (0.0470144)
    {"betafactor20",3.9327,0,4,false},// (0.00771365)
    {"gammas20",0.079,0,1,true},// (0.000165672)
    {"gammaa20",0.12,0,1,true},// (0.001333)
    {"iotas20",0.00125589,0,1,false},// (1.67468e-05)
    {"mus20",1.38683e-05,0,1,false},// (1.59098e-05)
    {"gammah20",0.114906,0,1,false},// (0.00261027)
    {"muh20",0.00773794,0,1,false},// (0.0009536)
    {"betafactor65",4,0,6,false},// (0.0187697)
    {"gammas65",0.079,0,1,true},// (0.000948718)
    {"gammaa65",0.12,0,1,true},// (0.00967899)
    {"iotas65",0.0217023,0,1,false},// (0.000145065)
    {"mus65",0.000317381,0,1,false},// (0.00019292)
    {"gammah65",0.0467919,0,1,false},// (0.000846432)
    {"muh65",0.0142522,0,1,false},// (0.000469376)
    {"betafactor80",4,0,4,false},// (0.0220951)
    {"gammas80",0.079,0,1,true},// (0.00307801)
    {"gammaa80",0.12,0,1,true},// (0.0228726)
    {"iotas80",0.0853799,0,1,false},// (0.00291476)
    {"mus80",0.010773,0,1,false},// (0.00162833)
    {"gammah80",0.138578,0,1,false},// (0.0045204)
    {"muh80",0.0576846,0,1,false},// (0.00193133)
    },
    {968.004,128.902,410.487,136.565,288.096,3156.07,106.966,27.8725,63.001,125.661,763.849,0.0922385,1.10855,-0.00215686,-3.69077e-23,263.934,1378.2,0.961725,24.3684,0.00215686,-6.7536e-19,5092.44,652.275,2064.62,680.321,1477.22,19150.9,529.544,134.621,278.721,641.992,4928.32,4.96204,43.3339,0.52771,1.37681,1337.21,7813.7,45.4891,741.408,7.05137,26.0441,621.993,73.4251,226.096,66.0541,124.397,1803.55,59.7894,13.5702,29.4678,40.9991,381.82,4.96297,11.1107,0.445033,1.47616,96.9034,696.989,69.6563,582.879,8.16845,147.91,34.7656,9.63281,21.6568,8.42903,16.0346,300.155,8.59497,5.3933,10.5269,12.844,242.568,2.84781,-3.97209,6.84786,-4.36352,13.9863,194.118,26.5312,334.993,54.7463,164.769},
    {7961.57,453.293,1805.88,397.775,640.09,517.092,376.77,-1.31589,19.9873,6.67193,-2.3171,-0.00425251,-0.00866568,-1.68266e-05,-2.51465e-25,-22.71,-0.599198,0.0244558,0.271382,1.68266e-05,3.07475e-23,2662.64,241.374,945.623,279.862,552.739,446.848,180.65,-8.593,-11.2631,-1.49166,-0.221762,-0.205522,-0.129468,-0.000998675,-0.00599568,21.211,0.641482,0.185319,-0.133248,0.000998675,0.00599568,312.177,18.1315,70.8721,12.0212,14.4625,7.92627,14.9226,-0.322701,-0.380245,-0.174946,0.0214119,-0.121364,-0.022489,-0.000441171,-0.00640731,0.532848,0.197893,0.222157,0.0474355,-0.00413418,0.0109827,9.71166,0.674852,2.36205,0.48695,0.682738,0.505538,0.633552,-0.0437084,-0.0532499,0.0368762,0.0549616,-0.0751513,-0.0124909,0.00249866,-0.00437187,0.0928917,0.0379682,-0.0256416,-0.0124556,0.0020767,-0.000203484,453.293,205.784,218.386,58.4845,92.1354,104.196,50.926,2.41826,2.24377,0.703022,1.32607,-0.000713516,-0.00162215,1.38756e-05,2.22986e-25,-5.53352,-1.17373,-0.00711974,0.0255792,-1.38756e-05,5.49908e-24,260.946,18.2385,70.3767,17.6824,36.3989,35.8886,13.7326,-1.25847,-2.7298,-1.60883,-0.597279,-0.0316941,-0.0170141,-0.000332291,-0.000852477,5.10814,1.10236,0.0395274,-0.006943,0.000332291,0.000852477,35.6597,1.92553,7.56375,1.14652,1.2891,0.7952,1.5857,-0.0736508,-0.161758,-0.105086,-0.0293666,-0.0307314,-0.00673698,-0.000365627,-0.00194496,0.247604,0.0982321,0.0499125,0.0115806,0.000165362,0.00214523,1.19261,0.0763935,0.270472,0.0472579,0.0614147,0.0518574,0.0741661,-0.00825873,-0.014967,0.0014401,0.00999733,-0.0161736,-0.00427561,-0.00108559,-0.00156462,0.0235619,0.0122511,-0.0030075,-0.000568002,0.00128586,0.00136435,1805.88,218.386,1259.02,209.304,310.939,249.828,187.311,-0.274786,12.9233,6.20748,-0.766334,-0.00113552,-0.00355471,4.09887e-05,6.64518e-25,-16.538,-1.66609,-0.00653265,0.125628,-4.09887e-05,2.0311e-23,1019.36,69.6604,269.628,68.9473,143.575,135.366,52.183,-4.1521,-8.74583,-3.54067,-0.500111,-0.0953044,-0.0441475,-0.000760886,-0.0018474,15.4054,1.64772,0.102973,-0.077926,0.000760886,0.0018474,138.65,7.0721,27.9924,4.09876,4.61884,2.66455,5.83414,-0.211425,-0.446882,-0.195872,0.0139045,-0.0712651,-0.00845567,-0.000486986,-0.00243541,0.624772,0.152346,0.126695,0.0161827,-0.000485489,0.00340788,4.61303,0.273964,0.985226,0.165897,0.218034,0.173071,0.263758,-0.0248782,-0.0462284,0.0124186,0.0311784,-0.0458061,-0.00499762,-0.00127833,-0.00172233,0.0678784,0.0227884,-0.00962419,-0.00272945,0.00225081,0.000749856,397.775,58.4845,209.304,208.435,105.332,95.9724,48.9056,-0.768989,1.93376,1.31648,-0.624823,-7.09519e-05,-0.00078373,1.83748e-05,2.62369e-25,-1.88481,-0.00881094,-0.000290738,0.0383356,-1.83748e-05,6.17205e-24,318.234,19.0573,75.1134,13.9554,24.3922,23.8125,15.4639,-0.576967,-0.921149,-0.479687,0.112082,-0.0141572,-0.00556772,-5.07639e-05,-0.00010237,1.84555,0.0573642,0.0145189,-0.0319841,5.07639e-05,0.00010237,46.1306,2.45548,9.74831,1.32474,1.26173,0.544251,2.09534,-0.0189888,0.0169248,0.0101655,0.0283107,-0.00575906,0.00188934,0.00015629,0.000573144,-0.0254942,-0.0163749,0.0119116,-0.00258504,-0.00076383,3.43956e-05,1.6089,0.100643,0.366505,0.0605071,0.0659773,0.0456211,0.0970875,-0.00454125,-0.00451073,0.00473853,0.00480831,-0.00630819,0.00123945,0.000852996,0.000454744,0.00551978,-0.000557765,0.000155606,-0.000543754,-0.000245456,-0.00106228,640.09,92.1354,310.939,105.332,563.211,400.315,72.8755,-1.70147,-0.389156,-0.736269,-2.4919,-0.000931944,-0.000610949,-0.000183389,-2.70657e-24,2.81344,2.11315,0.0782005,0.315547,0.000183389,6.80645e-24,636.004,41.1622,162.262,26.748,11.5447,-60.0251,35.8112,0.0833226,1.49067,2.0325,1.88603,0.00701953,0.00394841,0.00129442,0.00210651,-2.83613,-2.26419,-0.0842881,-0.318884,-0.00129442,-0.00210651,93.9783,5.87075,22.456,3.51434,3.28939,1.00129,5.01206,-0.0313292,0.0890409,-0.0411366,-0.0974907,-0.0378453,-0.0211445,-0.000276707,-0.00573391,-0.0825034,0.147884,0.0498422,0.0246825,-0.00207792,0.00808854,3.40731,0.269842,0.91426,0.183729,0.206735,0.18862,0.261817,-0.0128599,-0.0032863,0.00604358,-0.000400245,-0.0160768,-0.0105626,0.00126117,-0.00457569,0.00846383,0.0175739,0.00407983,0.00702463,0.00109346,0.00222106,517.092,104.196,249.828,95.9724,400.315,9874.07,60.3868,3.9826,-13.3903,-35.0139,-104.712,-0.0222903,-0.298002,-0.00328818,-5.29571e-23,29.6056,115.12,0.213317,4.51463,0.00328818,2.40699e-23,560.314,45.1495,167.551,30.2363,-48.1767,-959.926,40.7424,4.12536,8.81201,22.1671,107.467,0.313806,2.04688,0.0348521,0.133777,-28.227,-109.937,-0.504833,-6.26352,-0.0348521,-0.133777,84.7636,6.84031,23.6948,4.59556,5.6173,44.4805,5.62412,0.169625,0.310706,0.290305,2.85675,0.0388568,0.587518,0.0141677,0.163063,-0.658921,-2.6326,-0.0595648,-0.902675,-0.04064,-0.13659,3.23206,0.370322,1.0647,0.278749,0.420304,4.83826,0.351649,-0.00509758,0.0244955,0.035289,-0.538,0.021061,0.239752,0.0508251,0.0968289,-0.0324567,0.179905,-0.00035304,0.0754049,-0.0243528,-0.123301,376.77,50.926,187.311,48.9056,72.8755,60.3868,163.574,0.615757,5.27641,3.67168,0.973616,0.000427682,-8.20162e-05,3.80423e-05,5.40548e-25,-8.29831,-2.21213,-0.0219837,-0.0053774,-3.80423e-05,4.2337e-24,200.121,13.9568,53.6911,14.5058,32.2172,33.8727,9.97499,-1.6645,-4.03005,-2.72859,-1.19732,-0.0437655,-0.0224263,-0.000566017,-0.00134707,7.55845,2.03499,0.0653215,0.0278858,0.000566017,0.00134707,27.1006,1.40348,5.55901,0.851035,1.02556,0.756176,1.11551,-0.117961,-0.306218,-0.211491,-0.0778207,-0.053229,-0.0135974,-0.00083616,-0.003957,0.475191,0.199087,0.0830456,0.022994,0.00103951,0.00375365,0.890849,0.0542345,0.192169,0.0301948,0.0438578,0.0380228,0.0546487,-0.011306,-0.0246758,-0.0024341,0.0148984,-0.0250666,-0.00918576,-0.00302417,-0.00337433,0.0390713,0.0236594,-0.00475003,-0.000210854,0.00282082,0.00357768,-1.31589,2.41826,-0.274786,-0.768989,-1.70147,3.9826,0.615757,35.665,-10.1799,-8.65246,3.20422,-0.00488691,-0.010245,2.20445e-05,3.75975e-25,-12.7741,-7.06873,-0.0608654,-0.118081,-2.20445e-05,1.18031e-25,-9.86252,-1.45147,-4.67919,-0.535694,-0.116516,4.09474,-1.97422,-2.02916,-5.514,-5.6018,-4.70147,-0.0701113,-0.0557786,-0.00138903,-0.00402954,11.3188,6.33352,0.135864,0.184104,0.00138903,0.00402954,-1.22203,-0.152662,-0.470413,-0.038925,0.0452317,0.393863,-0.228331,-0.206876,-0.584851,-0.504747,-0.384204,-0.130611,-0.0564546,-0.00287283,-0.0162323,0.965322,0.632895,0.182054,0.0874724,0.00390614,0.015199,-0.0488471,-0.00561584,-0.021539,-0.0147244,-0.0100456,-0.0124867,0.00343151,-0.0176244,-0.0442643,-0.0144081,0.0198161,-0.045378,-0.0331476,-0.00964501,-0.0125231,0.0709146,0.0680274,-0.00606551,0.0021298,0.0086117,0.0135564,19.9873,2.24377,12.9233,1.93376,-0.389156,-13.3903,5.27641,-10.1799,56.4337,-1.08898,-2.62986,-0.00182231,-0.000307111,0.000144218,2.29919e-24,-32.8229,-9.34174,-0.191468,-0.176812,-0.000144218,4.15172e-24,-14.1031,-3.30703,-10.1583,-0.777883,0.856161,8.76855,-5.06448,-5.5314,-16.613,-10.5915,-5.19995,-0.152348,-0.0574428,-0.00224699,-0.0044393,29.1126,8.45284,0.345638,0.234562,0.00224699,0.0044393,-1.37819,-0.322065,-0.898813,-0.0451036,0.174051,0.772434,-0.560187,-0.568096,-1.7758,-0.981659,-0.378593,-0.251386,-0.0620161,-0.00437633,-0.0180592,2.5805,0.950433,0.387936,0.0986773,0.00742207,0.0150134,-0.0672264,-0.0110148,-0.0442721,-0.0491507,-0.0249145,-0.0237905,0.0228079,-0.0507991,-0.145915,-0.0167084,0.0666605,-0.118406,-0.0418777,-0.0182015,-0.01551,0.208281,0.111692,-0.0181436,0.00521646,0.0151558,0.0185557,6.67193,0.703022,6.20748,1.31648,-0.736269,-35.0139,3.67168,-8.65246,-1.08898,130.941,-19.3101,0.00395197,-0.00718196,0.000452568,5.92375e-24,-41.5671,-59.3346,-0.104759,-0.879345,-0.000452568,-2.29246e-23,-3.66997,-1.9535,-4.65875,-0.646839,1.31655,23.5238,-3.06177,-5.60875,-10.6516,-29.4428,-44.8402,-0.341393,-0.595271,-0.0103198,-0.0400164,36.7557,52.8003,0.4422,1.4818,0.0103198,0.0400164,-0.271354,-0.193499,-0.367568,-0.0320512,0.168247,2.07991,-0.35958,-0.558079,-1.08592,-2.52457,-3.85617,-0.74784,-0.577989,-0.0223119,-0.164371,2.77479,4.81735,0.902848,0.855581,0.0237387,0.162944,-0.0219262,-0.00831182,-0.0253727,-0.0121872,-0.0275622,-0.10859,-0.00169491,-0.0428378,-0.0604266,-0.0988013,-0.00705629,-0.14572,-0.29128,-0.0604082,-0.112115,0.157769,0.483954,-0.00928822,0.0136873,0.0589815,0.113541,-2.3171,1.32607,-0.766334,-0.624823,-2.4919,-104.712,0.973616,3.20422,-2.62986,-19.3101,571.262,-0.0165751,-0.48763,0.00101814,-2.48571e-25,-48.5283,-495.169,-0.0742254,-8.25116,-0.00101814,7.18869e-22,-1.30264,-0.728384,-1.01005,-0.0460599,1.88125,100.667,-1.26007,-4.73889,-5.3296,-44.6116,-423.568,-0.654872,-7.48939,-0.092025,-0.469918,42.0221,427.396,0.745672,16.2282,0.092025,0.469918,-0.230578,-0.0888455,-0.10808,0.00493988,0.228357,8.15425,-0.179776,-0.49834,-0.590789,-3.40122,-40.4809,-1.79706,-8.95136,-0.203656,-2.48736,2.64123,37.1309,1.94357,14.004,0.194656,2.49636,-0.0168473,-0.00391154,-0.0111005,-0.00621871,-0.0233936,-2.27328,0.00230107,-0.0389064,-0.0304242,-0.114652,-0.314008,-0.160786,-3.85264,-0.591753,-1.55531,0.107165,5.58997,0.014272,-1.19999,0.600753,1.54631,-0.00425251,-0.000713516,-0.00113552,-7.09519e-05,-0.000931944,-0.0222903,0.000427682,-0.00488691,-0.00182231,0.00395197,-0.0165751,0.0808582,0.00458895,3.05232e-07,4.12003e-25,-0.0171682,-0.0465377,-0.00160175,-0.000807177,-3.05232e-07,-1.36856e-26,-0.0275252,-0.00307998,-0.0119531,-0.00159152,-0.00889221,0.00594636,-0.00264179,-0.000413711,0.000883726,-0.0148568,-0.0304858,-0.00899957,-0.0011571,-1.08659e-05,-4.2885e-05,0.0680064,0.0599043,-0.0702569,-0.00262467,1.08659e-05,4.2885e-05,-0.00341447,-0.000440942,-0.0012408,-8.38024e-05,0.000218855,0.00203467,-0.000706226,-0.000798326,-0.00215812,-0.0022781,-0.00342979,-0.000757496,-0.000533577,-2.12294e-05,-0.000151634,0.00376083,0.00444724,0.000967198,0.000780132,2.41141e-05,0.00014875,-0.000106579,-1.03581e-05,-4.47534e-05,-6.54558e-05,-3.64021e-05,-0.000110429,4.20217e-05,-7.18172e-05,-0.000182715,-6.11516e-05,3.08935e-05,-0.000193596,-0.000263159,-6.10049e-05,-0.000101368,0.000283262,0.000457785,-1.61058e-05,1.66038e-05,5.81202e-05,0.000104253,-0.00866568,-0.00162215,-0.00355471,-0.00078373,-0.000610949,-0.298002,-8.20162e-05,-0.010245,-0.000307111,-0.00718196,-0.48763,0.00458895,1.52029,4.58442e-06,3.83452e-23,-0.0474968,-0.900963,-6.32081e-05,-0.0709907,-4.58442e-06,2.64637e-24,-0.0579053,-0.00674046,-0.0235605,-0.00495015,-0.027905,0.0841799,-0.00522097,-0.00101359,0.000388528,-0.0393327,-0.578192,-0.0023165,-0.183422,-0.000272642,-0.00396654,0.212955,1.85902,-0.00220923,-1.26588,0.000272642,0.00396654,-0.00577676,-0.000679697,-0.00167913,-0.000185029,0.000555054,0.0233735,-0.000986055,-0.00177564,-0.00232821,-0.0115196,-0.128085,-0.00576757,-0.0306584,-0.000682812,-0.00852388,0.0092759,0.117076,0.00630866,0.0474735,0.000708216,0.00849847,-0.000164473,-1.93579e-05,-6.3538e-05,-2.4636e-05,-8.09844e-05,-0.00733927,5.21607e-06,-0.00013701,-0.000119031,-0.000397231,0.000719295,-0.00056887,-0.013922,-0.002045,-0.00557905,0.000399915,0.0168903,2.77767e-05,-0.00289309,0.00201959,0.00560446,-1.68266e-05,1.38756e-05,4.09887e-05,1.83748e-05,-0.000183389,-0.00328818,3.80423e-05,2.20445e-05,0.000144218,0.000452568,0.00101814,3.05232e-07,4.58442e-06,0.0060041,-1.48417e-23,5.90786e-05,-0.00165818,2.15274e-07,-4.29702e-05,-0.0060041,-2.58098e-22,-0.000135052,-3.02566e-05,-7.59955e-05,-8.79523e-06,7.48966e-05,0.00201866,-4.51197e-05,-9.30282e-05,-0.000149437,-0.000685079,-0.0056628,-1.02361e-05,-0.00011598,-1.32274e-06,-6.90195e-06,0.000737247,0.00581523,9.71561e-06,0.000154365,1.32274e-06,6.90195e-06,-1.98749e-05,-3.79923e-06,-8.54771e-06,-1.02245e-06,2.57995e-06,0.000100559,-5.80764e-06,-9.65203e-06,-1.60944e-05,-5.32605e-05,-0.000550488,-2.58179e-05,-0.000130719,-2.93064e-06,-3.63456e-05,4.8986e-05,0.000505629,2.86247e-05,0.000202792,3.04337e-06,3.62329e-05,-1.01584e-06,-1.93218e-07,-5.3896e-07,-3.84496e-07,-6.05893e-07,-3.41518e-05,7.83627e-08,-7.74511e-07,-1.06888e-06,-1.77884e-06,2.70044e-06,-2.88322e-06,-5.94319e-05,-8.80491e-06,-2.38275e-05,2.49234e-06,7.33098e-05,7.64305e-08,-1.26417e-05,8.69218e-06,2.39402e-05,-2.51465e-25,2.22986e-25,6.64518e-25,2.62369e-25,-2.70657e-24,-5.29571e-23,5.40548e-25,3.75975e-25,2.29919e-24,5.92375e-24,-2.48571e-25,4.12003e-25,3.83452e-23,-1.48417e-23,9.62126e-23,1.09771e-24,-4.51191e-23,4.82614e-27,-3.09102e-24,-8.13709e-23,-3.60217e-42,-6.59779e-24,-1.08606e-24,-3.47639e-24,-8.89167e-25,8.05112e-26,3.44975e-23,-1.15019e-24,-1.3834e-24,-2.30309e-24,-9.97913e-24,-9.40426e-23,-2.48449e-25,-7.92964e-24,1.51715e-23,-9.1151e-24,1.31703e-23,1.30209e-22,-1.68381e-25,-2.73245e-23,8.10411e-23,-8.70975e-23,-5.11193e-25,-5.4914e-26,-1.37055e-25,-1.26875e-26,5.52973e-26,2.1057e-24,-8.19645e-26,-1.51713e-25,-1.9791e-25,-9.90868e-25,-1.13028e-23,-4.99428e-25,-2.71082e-24,-6.0227e-26,-7.53609e-25,7.94216e-25,1.03048e-23,5.45826e-25,4.20871e-24,6.24893e-26,7.51347e-25,-1.98695e-26,-2.75751e-27,-8.03195e-27,-2.95965e-27,-8.81441e-27,-7.30997e-25,-6.14534e-28,-1.16777e-26,-1.00922e-26,-3.41695e-26,4.13932e-26,-4.88379e-26,-1.23875e-24,-1.82344e-25,-4.96758e-25,3.40548e-26,1.52478e-24,2.43938e-27,-2.59145e-25,1.80082e-25,4.99021e-25,-22.71,-5.53352,-16.538,-1.88481,2.81344,29.6056,-8.29831,-12.7741,-32.8229,-41.5671,-48.5283,-0.0171682,-0.0474968,5.90786e-05,1.09771e-24,186.053,-49.5788,-0.184896,-0.532123,-5.90786e-05,-2.2325e-24,27.2266,6.16658,18.2881,1.80323,-1.5211,-29.5813,9.19038,11.4365,29.3707,37.0663,42.6139,0.527838,0.71918,0.0112368,0.0385885,-67.0318,-54.2373,-0.325774,-0.13956,-0.0112368,-0.0385885,2.88897,0.61771,1.65274,0.110965,-0.3363,-2.68761,1.04738,1.17124,3.12415,3.30054,3.62381,0.926642,0.549131,0.0237083,0.1567,-5.51984,-5.12919,-1.22492,-0.821567,-0.028735,-0.151673,0.13467,0.0227346,0.0845422,0.0725886,0.054667,0.115715,-0.0247896,0.098825,0.232508,0.10194,-0.0776949,0.267805,0.290202,0.0721806,0.110928,-0.390731,-0.535559,0.0304709,-0.0177659,-0.0671538,-0.115954,-0.599198,-1.17373,-1.66609,-0.00881094,2.11315,115.12,-2.21213,-7.06873,-9.34174,-59.3346,-495.169,-0.0465377,-0.900963,-0.00165818,-4.51191e-23,-49.5788,626.633,-0.0637653,-5.12912,0.00165818,5.59538e-22,1.89257,1.2776,2.30026,0.230175,-2.03311,-103.744,2.12471,6.27608,8.3664,52.2025,426.771,0.770946,9.01245,0.0942168,0.503432,-53.0014,-446.755,-0.660643,-2.98237,-0.0942168,-0.503432,0.216886,0.139988,0.193885,0.000582203,-0.279047,-8.71544,0.281111,0.660679,0.913898,4.11488,41.4683,2.00149,9.09642,0.20948,2.5287,-3.4447,-38.3989,-2.19288,-14.2192,-0.200943,-2.53724,0.0193384,0.00599146,0.0174216,0.0095998,0.0310697,2.29307,-0.00218781,0.051387,0.0485551,0.14274,0.309413,0.202648,3.9264,0.607421,1.58353,-0.153526,-5.71272,-0.0112482,1.19635,-0.615959,-1.57499,0.0244558,-0.00711974,-0.00653265,-0.000290738,0.0782005,0.213317,-0.0219837,-0.0608654,-0.191468,-0.104759,-0.0742254,-0.00160175,-6.32081e-05,2.15274e-07,4.82614e-27,-0.184896,-0.0637653,0.692557,-0.0109133,-2.15274e-07,-9.1801e-25,0.0151386,0.0138272,0.0200515,0.00221579,-0.0766301,-0.192846,0.0339169,0.0673522,0.191849,0.118013,0.118986,-0.074291,0.00060463,2.95646e-06,-1.39017e-05,0.136046,0.0477334,-0.616665,0.0103719,-2.95646e-06,1.39017e-05,-2.0462e-05,0.000108423,4.78457e-05,-0.000146367,-0.000429819,-0.00211264,0.00040519,0.000761218,0.00207259,0.0021084,0.00326867,0.000722184,0.00051094,2.03101e-05,0.000145112,-0.00355731,-0.00421998,-0.000921287,-0.00074542,-2.24732e-05,-0.000142949,0.000291319,3.93119e-05,0.000123192,8.80472e-05,7.45127e-05,0.000183949,-1.28959e-05,6.85929e-05,0.00018136,5.59184e-05,-2.91317e-05,0.000185805,0.000251858,5.89835e-05,9.71971e-05,-0.000273248,-0.000437074,1.32982e-05,-1.73778e-05,-5.68204e-05,-9.93601e-05,0.271382,0.0255792,0.125628,0.0383356,0.315547,4.51463,-0.0053774,-0.118081,-0.176812,-0.879345,-8.25116,-0.000807177,-0.0709907,-4.29702e-05,-3.09102e-24,-0.532123,-5.12912,-0.0109133,15.1694,4.29702e-05,-1.25923e-21,-0.110622,-0.00780763,-0.0666245,-0.0226014,-0.269799,-3.62512,0.0194108,0.129675,0.178004,0.915003,9.41437,0.00554652,-1.34977,0.000807721,-0.0195942,0.406947,4.04264,0.00617401,-13.7486,-0.000807721,0.0195942,0.00550069,0.000386263,0.00111944,7.66136e-06,-0.00088435,-0.0207045,0.000674935,0.00128145,0.00172563,0.00846939,0.135992,0.00456841,0.0329494,0.000711817,0.00914734,-0.0067721,-0.120763,-0.00495985,-0.0524913,-0.000754394,-0.00910476,0.000818141,0.000118396,0.000305668,9.46863e-05,0.000222203,0.0166245,9.75052e-05,9.59957e-05,8.82097e-05,0.000292584,0.00214862,0.000413734,0.0162744,0.00245283,0.00659139,-0.000282432,-0.0222763,-2.22915e-05,0.00326746,-0.00241025,-0.00663397,1.68266e-05,-1.38756e-05,-4.09887e-05,-1.83748e-05,0.000183389,0.00328818,-3.80423e-05,-2.20445e-05,-0.000144218,-0.000452568,-0.00101814,-3.05232e-07,-4.58442e-06,-0.0060041,-8.13709e-23,-5.90786e-05,0.00165818,-2.15274e-07,4.29702e-05,0.0060041,-2.46325e-21,0.000135052,3.02566e-05,7.59955e-05,8.79523e-06,-7.48966e-05,-0.00201866,4.51197e-05,9.30282e-05,0.000149437,0.000685079,0.0056628,1.02361e-05,0.00011598,1.32274e-06,6.90195e-06,-0.000737247,-0.00581523,-9.71561e-06,-0.000154365,-1.32274e-06,-6.90195e-06,1.98749e-05,3.79923e-06,8.54771e-06,1.02245e-06,-2.57995e-06,-0.000100559,5.80764e-06,9.65203e-06,1.60944e-05,5.32605e-05,0.000550488,2.58179e-05,0.000130719,2.93064e-06,3.63456e-05,-4.8986e-05,-0.000505629,-2.86247e-05,-0.000202792,-3.04337e-06,-3.62329e-05,1.01584e-06,1.93218e-07,5.3896e-07,3.84496e-07,6.05893e-07,3.41518e-05,-7.83627e-08,7.74511e-07,1.06888e-06,1.77884e-06,-2.70044e-06,2.88322e-06,5.94319e-05,8.80491e-06,2.38275e-05,-2.49234e-06,-7.33098e-05,-7.64305e-08,1.26417e-05,-8.69218e-06,-2.39402e-05,3.07475e-23,5.49908e-24,2.0311e-23,6.17205e-24,6.80645e-24,2.40699e-23,4.2337e-24,1.18031e-25,4.15172e-24,-2.29246e-23,7.18869e-22,-1.36856e-26,2.64637e-24,-2.58098e-22,-3.60217e-42,-2.2325e-24,5.59538e-22,-9.1801e-25,-1.25923e-21,-2.46325e-21,2.72135e-21,-2.38057e-23,-4.90236e-24,-1.83412e-23,-5.71379e-24,-3.0809e-24,9.87895e-22,-4.18413e-24,7.75431e-25,-4.11969e-24,2.66585e-23,-6.20603e-22,9.44951e-26,5.82469e-22,3.52478e-22,-7.23264e-22,-1.11364e-23,-6.49095e-22,8.37201e-25,6.74119e-22,2.36887e-21,-1.99809e-21,5.81007e-25,8.52032e-26,2.23773e-25,3.66393e-26,-1.81133e-26,3.48183e-23,1.08745e-25,1.53599e-25,2.13467e-25,9.54053e-25,-1.81706e-23,4.81535e-25,-3.06023e-24,-7.84264e-26,-8.31744e-25,-7.94535e-25,-5.55868e-24,-5.26844e-25,2.63083e-23,-1.03869e-24,1.94886e-24,3.07608e-26,2.32161e-27,8.00571e-27,2.28509e-27,6.75379e-27,-1.05136e-22,2.47827e-28,1.17842e-26,1.11341e-26,3.29358e-26,-2.90929e-23,4.7507e-26,-5.82728e-24,-1.52635e-24,-2.55608e-24,-3.47255e-26,5.22745e-23,-2.19756e-27,-1.74208e-23,2.64346e-24,1.43896e-24,2662.64,260.946,1019.36,318.234,636.004,560.314,200.121,-9.86252,-14.1031,-3.66997,-1.30264,-0.0275252,-0.0579053,-0.000135052,-6.59779e-24,27.2266,1.89257,0.0151386,-0.110622,0.000135052,-2.38057e-23,54731.2,3523.26,13964.2,3365.56,5895.52,4662.43,2802.93,-45.4508,63.2473,32.6394,-12.2895,-1.51363,-1.2755,-0.00360134,-0.0756,-36.9203,-1.40694,1.52602,1.44403,0.00360134,0.0756,1772.51,103.288,403.902,69.5598,85.4854,48.5426,84.6986,-1.91014,-2.30134,-1.07246,0.376765,-0.689233,-0.0863634,-0.00211395,-0.0250974,3.24954,0.912597,1.28614,0.23449,-0.0250744,0.0522857,46.448,3.37818,11.7537,2.54593,3.72673,2.62469,3.15772,-0.246924,-0.336112,0.200654,0.344423,-0.436994,-0.060707,0.0115486,-0.0200696,0.573749,0.20924,-0.159909,-0.08742,0.0156398,-0.00711876,241.374,18.2385,69.6604,19.0573,41.1622,45.1495,13.9568,-1.45147,-3.30703,-1.9535,-0.728384,-0.00307998,-0.00674046,-3.02566e-05,-1.08606e-24,6.16658,1.2776,0.0138272,-0.00780763,3.02566e-05,-4.90236e-24,3523.26,1187.54,1472.69,385.113,649.105,717.584,325.708,10.721,-1.80218,-3.34414,4.90539,-0.177416,-0.158024,-3.39351e-05,-0.00932647,-8.78579,-1.69813,0.166669,0.172572,3.39351e-05,0.00932647,202.203,10.8753,42.773,6.51676,7.48575,4.87939,8.91826,-0.454334,-1.02961,-0.641526,-0.123645,-0.179752,-0.0320057,-0.00209187,-0.00932222,1.56205,0.542987,0.296513,0.0593198,0.000884421,0.0105297,5.17752,0.342152,1.19793,0.216201,0.301543,0.255024,0.333681,-0.0489302,-0.0985551,0.00593761,0.0641678,-0.0977163,-0.0224332,-0.00719728,-0.00807602,0.151028,0.0704275,-0.0190448,-0.00488095,0.00840474,0.00686856,945.623,70.3767,269.628,75.1134,162.262,167.551,53.6911,-4.67919,-10.1583,-4.65875,-1.01005,-0.0119531,-0.0235605,-7.59955e-05,-3.47639e-24,18.2881,2.30026,0.0200515,-0.0666245,7.59955e-05,-1.83412e-23,13964.2,1472.69,7865.15,1428.82,2295.57,1874.25,1208.43,-21.3065,34.7884,20.0779,-5.89639,-0.630654,-0.515007,0.00112474,-0.0306597,-25.2519,-2.49352,0.622555,0.605192,-0.00112474,0.0306597,786.528,39.8647,158.063,23.1792,26.681,16.2013,32.7927,-1.23923,-2.58385,-1.2763,0.103251,-0.415485,-0.0393775,-0.00306124,-0.0115935,3.72607,0.895558,0.738361,0.0910029,-0.00293519,0.0175899,20.0759,1.24242,4.41485,0.788087,1.1031,0.870275,1.19096,-0.139449,-0.273997,0.0573818,0.188548,-0.263444,-0.0297168,-0.0100298,-0.00994731,0.40544,0.136578,-0.0594322,-0.0219086,0.0160262,0.00395088,279.862,17.6824,68.9473,13.9554,26.748,30.2363,14.5058,-0.535694,-0.777883,-0.646839,-0.0460599,-0.00159152,-0.00495015,-8.79523e-06,-8.89167e-25,1.80323,0.230175,0.00221579,-0.0226014,8.79523e-06,-5.71379e-24,3365.56,385.113,1428.82,1135.01,662.88,597.617,312.23,-7.69531,6.67193,5.40995,-2.76517,-0.0882004,-0.114741,0.00177512,-0.00687383,-1.64127,-0.00706413,0.0875761,0.142292,-0.00177512,0.00687383,261.316,13.9892,55.5324,7.5172,7.1951,3.25313,11.9924,-0.022498,0.407401,0.0967776,0.131609,-0.0186704,0.0113177,0.000861775,0.00342864,-0.515237,-0.113052,0.0337159,-0.0113642,-0.00553539,0.00124498,6.62092,0.419476,1.51662,0.254466,0.29067,0.209313,0.406712,-0.0193525,-0.0201089,0.0184517,0.0198278,-0.0215617,0.00552775,0.00471112,0.00193842,0.0198381,-0.00365694,0.00651614,-0.00548133,-3.75045e-05,-0.00661204,552.739,36.3989,143.575,24.3922,11.5447,-48.1767,32.2172,-0.116516,0.856161,1.31655,1.88125,-0.00889221,-0.027905,7.48966e-05,8.05112e-26,-1.5211,-2.03311,-0.0766301,-0.269799,-7.48966e-05,-3.0809e-24,5895.52,649.105,2295.57,662.88,3069.29,1855.39,513.627,-9.29059,5.49155,5.84302,-4.89127,-0.586893,-0.633348,-0.0085127,-0.0388082,0.32769,2.13638,0.672416,0.931052,0.0085127,0.0388082,542.355,34.5204,131.801,20.8561,19.6921,7.02622,29.5209,-0.120394,0.759447,-0.120861,0.061502,-0.137418,-0.0203998,0.000987657,-0.00423485,-0.80591,0.192087,0.185744,0.00620273,-0.0184208,0.021668,13.8628,1.06794,3.65816,0.719967,0.763139,0.525512,1.04007,-0.0661198,-0.0503723,0.00676019,0.0187077,-0.0850044,-0.0237776,0.0076252,-0.0123072,0.0714356,0.0537184,0.0366775,0.0379747,0.00980795,-0.00512598,446.848,35.8886,135.366,23.8125,-60.0251,-959.926,33.8727,4.09474,8.76855,23.5238,100.667,0.00594636,0.0841799,0.00201866,3.44975e-23,-29.5813,-103.744,-0.192846,-3.62512,-0.00201866,9.87895e-22,4662.43,717.584,1874.25,597.617,1855.39,52358,447.826,38.4326,-34.2999,-89.3677,-77.4338,-1.567,-6.38805,-0.109321,-0.388176,32.8065,126.134,1.7539,9.92898,0.109321,0.388176,470.524,39.5863,136.058,27.1478,33.681,301.033,32.5804,1.21525,2.31431,2.84532,19.4444,0.891616,3.91951,0.101146,1.09295,-5.07861,-17.6811,-1.0718,-6.79892,-0.245337,-0.948758,12.2585,1.34732,3.96834,1.01482,1.37321,19.502,1.28587,0.00470197,0.118547,0.177359,-1.3217,0.167159,1.87328,0.380149,0.751536,-0.204081,-1.83442,0.0130225,1.00613,-0.235958,-0.895727,180.65,13.7326,52.183,15.4639,35.8112,40.7424,9.97499,-1.97422,-5.06448,-3.06177,-1.26007,-0.00264179,-0.00522097,-4.51197e-05,-1.15019e-24,9.19038,2.12471,0.0339169,0.0194108,4.51197e-05,-4.18413e-24,2802.93,325.708,1208.43,312.23,513.627,447.826,902.704,-4.0672,12.8191,8.3463,-0.117673,-0.086523,-0.0914619,0.00084566,-0.00525999,-13.7628,-3.17224,0.0552479,0.077272,-0.00084566,0.00525999,147.551,7.47376,29.7298,4.60434,5.77809,4.54031,5.82379,-0.787193,-2.1596,-1.28767,-0.372319,-0.322549,-0.0704728,-0.00486983,-0.0206151,3.22442,1.13714,0.517522,0.120716,0.00679757,0.0186874,3.7714,0.239365,0.831887,0.129602,0.217417,0.189864,0.248909,-0.0729584,-0.173361,-0.0108551,0.100324,-0.161955,-0.0487401,-0.0191147,-0.0176971,0.264569,0.137499,-0.0330174,-0.00150359,0.017187,0.0196248,-8.593,-1.25847,-4.1521,-0.576967,0.0833226,4.12536,-1.6645,-2.02916,-5.5314,-5.60875,-4.73889,-0.000413711,-0.00101359,-9.30282e-05,-1.3834e-24,11.4365,6.27608,0.0673522,0.129675,9.30282e-05,7.75431e-25,-45.4508,10.721,-21.3065,-7.69531,-9.29059,38.4326,-4.0672,182.225,-77.5452,-74.8552,-0.258137,-0.25013,-0.211616,-0.00458201,-0.0116004,-18.8706,-10.5,0.183192,0.0829548,0.00458201,0.0116004,-7.09071,-0.903611,-2.79761,-0.269631,0.192217,2.1311,-1.31227,-1.14356,-3.21281,-2.83528,-2.02586,-0.710242,-0.29536,-0.0153687,-0.0850669,5.34824,3.41784,0.995065,0.461961,0.0213031,0.0791325,-0.207064,-0.0217311,-0.0909957,-0.0720478,-0.0452517,-0.0569805,0.0268343,-0.0971531,-0.239982,-0.0834689,0.112681,-0.25042,-0.1775,-0.0522357,-0.0668638,0.390357,0.368991,-0.0344028,0.0108989,0.0463013,0.0727983,-11.2631,-2.7298,-8.74583,-0.921149,1.49067,8.81201,-4.03005,-5.514,-16.613,-10.6516,-5.3296,0.000883726,0.000388528,-0.000149437,-2.30309e-24,29.3707,8.3664,0.191849,0.178004,0.000149437,-4.11969e-24,63.2473,-1.80218,34.7884,6.67193,5.49155,-34.2999,12.8191,-77.5452,214.979,-35.5873,-39.7667,0.119571,0.043775,0.00173274,0.00364783,-47.7094,-13.999,-0.312304,-0.222168,-0.00173274,-0.00364783,-7.4099,-1.88388,-5.28699,-0.381009,0.817837,4.23128,-3.16252,-3.10561,-9.61835,-5.57153,-2.12764,-1.38561,-0.342236,-0.0241679,-0.0997843,14.1529,5.31595,2.13324,0.548919,0.0412462,0.0827061,-0.273263,-0.0404886,-0.185073,-0.244444,-0.112166,-0.110289,0.138855,-0.276595,-0.781061,-0.105312,0.364834,-0.647379,-0.234142,-0.100051,-0.0865506,1.13125,0.6212,-0.10026,0.0274593,0.0829728,0.103629,-1.49166,-1.60883,-3.54067,-0.479687,2.0325,22.1671,-2.72859,-5.6018,-10.5915,-29.4428,-44.6116,-0.0148568,-0.0393327,-0.000685079,-9.97913e-24,37.0663,52.2025,0.118013,0.915003,0.000685079,2.66585e-23,32.6394,-3.34414,20.0779,5.40995,5.84302,-89.3677,8.3463,-74.8552,-35.5873,541.56,-285.021,-0.465822,-0.496658,-0.00848379,-0.0238809,-60.317,-84.8006,0.362666,-0.379012,0.00848379,0.0238809,-0.552371,-1.11209,-2.03507,-0.245675,0.79381,10.7091,-2.03068,-3.11081,-6.09648,-13.9056,-19.5652,-3.93948,-2.91304,-0.114688,-0.829418,15.4357,24.9372,4.80579,4.352,0.123823,0.820283,-0.0608683,-0.0258248,-0.0964163,-0.0512493,-0.117749,-0.474267,0.0127165,-0.239849,-0.339316,-0.551414,0.0131542,-0.807564,-1.50502,-0.31644,-0.577821,0.889679,2.533,-0.0587423,0.0660662,0.307305,0.586956,-0.221762,-0.597279,-0.500111,0.112082,1.88603,107.467,-1.19732,-4.70147,-5.19995,-44.8402,-423.568,-0.0304858,-0.578192,-0.0056628,-9.40426e-23,42.6139,426.771,0.118986,9.41437,0.0056628,-6.20603e-22,-12.2895,4.90539,-5.89639,-2.76517,-4.89127,-77.4338,-0.117673,-0.258137,-39.7667,-285.021,1213.82,-2.82098,-34.6074,-0.376082,-1.9912,-72.6753,-807.176,2.73248,25.7712,0.376082,1.9912,-1.21108,-0.533204,-0.664782,-0.028965,1.01524,43.8093,-0.99891,-2.60417,-3.16778,-17.404,-233.841,-9.07202,-52.4331,-1.16944,-14.5595,13.696,214.205,9.83859,80.7828,1.20543,14.5235,-0.0471961,-0.0103023,-0.039046,-0.0248961,-0.0988113,-7.21797,0.0215351,-0.204301,-0.163313,-0.600356,0.814184,-0.833084,-22.4045,-3.35842,-9.05602,0.574612,28.6955,0.0665174,-5.94523,3.32244,9.09201,-0.205522,-0.0316941,-0.0953044,-0.0141572,0.00701953,0.313806,-0.0437655,-0.0701113,-0.152348,-0.341393,-0.654872,-0.00899957,-0.0023165,-1.02361e-05,-2.48449e-25,0.527838,0.770946,-0.074291,0.00554652,1.02361e-05,9.44951e-26,-1.51363,-0.177416,-0.630654,-0.0882004,-0.586893,-1.567,-0.086523,-0.25013,0.119571,-0.465822,-2.82098,4.45556,0.910681,-0.00033951,0.0532587,2.46377,0.873536,-4.37227,-0.913911,0.00033951,-0.0532587,-0.172135,-0.0225282,-0.0605453,-0.00466367,0.011173,0.141841,-0.0355848,-0.0437134,-0.102702,-0.16091,-0.287227,-0.0535832,-0.0453821,-0.00167262,-0.012867,0.211173,0.350889,0.0655843,0.065871,0.00177449,0.0127651,-0.0051521,-0.000498575,-0.00213554,-0.00246113,-0.00181712,-0.00795465,0.00151276,-0.00371011,-0.00779639,-0.0052729,-0.000835729,-0.0112419,-0.0218063,-0.00459564,-0.00843042,0.0141366,0.0359685,-0.000759223,0.00131741,0.00449377,0.00853229,-0.129468,-0.0170141,-0.0441475,-0.00556772,0.00394841,2.04688,-0.0224263,-0.0557786,-0.0574428,-0.595271,-7.48939,-0.0011571,-0.183422,-0.00011598,-7.92964e-24,0.71918,9.01245,0.00060463,-1.34977,0.00011598,5.82469e-22,-1.2755,-0.158024,-0.515007,-0.114741,-0.633348,-6.38805,-0.0914619,-0.211616,0.043775,-0.496658,-34.6074,0.910681,49.9153,-0.00610657,0.46428,3.02046,30.7177,-0.910129,-48.3821,0.00610657,-0.46428,-0.122527,-0.0143836,-0.0346913,-0.00404345,0.0117627,0.720867,-0.0204196,-0.0391419,-0.0476361,-0.265741,-4.82092,-0.1485,-1.18421,-0.0252721,-0.328679,0.204995,4.31227,0.16046,1.82842,0.0279861,0.325965,-0.00342679,-0.000385981,-0.00130456,-0.000509211,-0.00172738,-0.174588,0.000165784,-0.00306258,-0.00243371,-0.00906737,0.0860677,-0.0128818,-0.536196,-0.0759943,-0.216006,0.00835649,0.576308,0.000922534,-0.108013,0.0732803,0.21872,-0.000998675,-0.000332291,-0.000760886,-5.07639e-05,0.00129442,0.0348521,-0.000566017,-0.00138903,-0.00224699,-0.0103198,-0.092025,-1.08659e-05,-0.000272642,-1.32274e-06,1.51715e-23,0.0112368,0.0942168,2.95646e-06,0.000807721,1.32274e-06,3.52478e-22,-0.00360134,-3.39351e-05,0.00112474,0.00177512,-0.0085127,-0.109321,0.00084566,-0.00458201,0.00173274,-0.00848379,-0.376082,-0.00033951,-0.00610657,0.585791,-0.000355319,0.0503091,0.337633,0.000347419,0.00557149,-0.585791,0.000355319,-0.00141411,-0.000324006,-0.00071195,-0.000100499,0.00015133,0.00802667,-0.000484598,-0.000773195,-0.00132601,-0.00413799,-0.0523535,-0.00199955,-0.0125882,-0.000274971,-0.00349612,0.00389399,0.0476875,0.00222299,0.019374,0.000304549,0.00346654,-4.5522e-05,-8.39516e-06,-2.77842e-05,-2.55327e-05,-3.50818e-05,-0.00168407,1.3057e-05,-6.25038e-05,-8.80513e-05,-0.000140207,0.00094252,-0.000227589,-0.00568137,-0.000816731,-0.00228573,0.000203128,0.00615435,4.14448e-06,-0.00110442,0.000787153,0.00231531,-0.00599568,-0.000852477,-0.0018474,-0.00010237,0.00210651,0.133777,-0.00134707,-0.00402954,-0.0044393,-0.0400164,-0.469918,-4.2885e-05,-0.00396654,-6.90195e-06,-9.1151e-24,0.0385885,0.503432,-1.39017e-05,-0.0195942,6.90195e-06,-7.23264e-22,-0.0756,-0.00932647,-0.0306597,-0.00687383,-0.0388082,-0.388176,-0.00525999,-0.0116004,0.00364783,-0.0238809,-1.9912,0.0532587,0.46428,-0.000355319,2.47405,0.180268,1.81915,-0.053202,-0.440719,0.000355319,-2.47405,-0.00716679,-0.000842809,-0.00203206,-0.000237571,0.0006855,0.0421803,-0.00119575,-0.00229119,-0.00278847,-0.0155533,-0.281768,-0.00868851,-0.0692165,-0.00147722,-0.0192112,0.011999,0.252089,0.00938854,0.10683,0.00163604,0.0190524,-0.000196478,-2.19787e-05,-7.48313e-05,-2.93538e-05,-0.000100149,-0.00996821,1.03014e-05,-0.000179283,-0.000142462,-0.0005307,0.00515854,-0.000753991,-0.0312978,-0.00443194,-0.0126069,0.000489221,0.0335182,5.39637e-05,-0.00631567,0.00427312,0.0127657,21.211,5.10814,15.4054,1.84555,-2.83613,-28.227,7.55845,11.3188,29.1126,36.7557,42.0221,0.0680064,0.212955,0.000737247,1.31703e-23,-67.0318,-53.0014,0.136046,0.406947,-0.000737247,-1.11364e-23,-36.9203,-8.78579,-25.2519,-1.64127,0.32769,32.8065,-13.7628,-18.8706,-47.7094,-60.317,-72.6753,2.46377,3.02046,0.0503091,0.180268,666.91,-466.514,-2.66782,-3.64036,-0.0503091,-0.180268,15.1594,3.57516,9.56145,0.840139,-1.54713,-14.0432,5.88603,6.40096,16.9797,18.1987,18.3943,4.90216,2.76609,0.122401,0.790535,-30.2074,-26.7199,-6.53533,-4.17931,-0.151381,-0.761555,0.529556,0.0808715,0.344835,0.349814,0.239481,0.507486,-0.171387,0.539101,1.24817,0.577537,-0.465438,1.45977,1.50101,0.379463,0.572042,-2.13189,-2.81386,0.173397,-0.0877872,-0.350483,-0.601022,0.641482,1.10236,1.64772,0.0573642,-2.26419,-109.937,2.03499,6.33352,8.45284,52.8003,427.396,0.0599043,1.85902,0.00581523,1.30209e-22,-54.2373,-446.755,0.0477334,4.